{
 "cells": [
  {
   "cell_type": "code",
   "execution_count": 1,
   "metadata": {},
   "outputs": [],
   "source": [
    "## Libraries\n",
    "import numpy as np\n",
    "import matplotlib.pyplot as plt\n",
    "from scipy.linalg import logm, expm\n",
    "\n",
    "## Plot settings\n",
    "plt.rc('xtick', direction='in', labelsize=14)\n",
    "plt.rc('ytick', direction='in', labelsize=14)\n",
    "plt.rc('axes', labelsize=20, titlesize=22)\n",
    "plt.rc('legend', fontsize=14)"
   ]
  },
  {
   "cell_type": "code",
   "execution_count": 2,
   "metadata": {},
   "outputs": [],
   "source": [
    "## Read coordinates and indices\n",
    "\n",
    "grid_coordinates = []\n",
    "with open('../../Grids/AB_grid.txt', 'r') as reader:\n",
    "    line = reader.readline()\n",
    "\n",
    "    while line != '':\n",
    "        elements = line.split(',')\n",
    "        point = (float(elements[0]),float(elements[1]))\n",
    "        grid_coordinates.append(point)\n",
    "        line = reader.readline()\n",
    "\n",
    "jump_coordinates = []\n",
    "with open('../../Grids/AB_jump_coordinates.txt', 'r') as reader:\n",
    "    line = reader.readline()\n",
    "\n",
    "    while line != '':\n",
    "        elements = line.split(' ')\n",
    "        data_block = []\n",
    "        for ele in elements:\n",
    "            temp = ele.replace('(', '').replace(')', '')\n",
    "            if temp != 'stop':\n",
    "                x = temp.split(',')[0]\n",
    "                y = temp.split(',')[1]\n",
    "                point = (float(x),float(y))\n",
    "                data_block.append(point)\n",
    "            else:\n",
    "                break\n",
    "        line = reader.readline()\n",
    "        jump_coordinates.append(data_block)\n",
    "\n",
    "jump_indices = []\n",
    "with open('../../Grids/AB_jump_indices.txt', 'r') as reader:\n",
    "    line = reader.readline()\n",
    "\n",
    "    while line != '':\n",
    "        elements = line.split(' ')\n",
    "        data_block = []\n",
    "        for ele in elements:\n",
    "            if ele != 'stop':\n",
    "                data_block.append(int(ele))\n",
    "            else:\n",
    "                break\n",
    "        line = reader.readline()\n",
    "        jump_indices.append(data_block)\n",
    "\n",
    "\n",
    "# For drawing vertices use grid_coordinates\n",
    "# For drawing lines use jump_coordinates\n",
    "# For indices use jump_indices"
   ]
  },
  {
   "cell_type": "code",
   "execution_count": 3,
   "metadata": {},
   "outputs": [],
   "source": [
    "## We now want to scale down the plot so it will fit inside a unit square in the 1st quadrant\n",
    "\n",
    "# Compare x and y components seperatly to for the maximal distances along each axis\n",
    "xs = [x for x,y in grid_coordinates]\n",
    "ys = [y for x,y in grid_coordinates]\n",
    "\n",
    "xs_length = abs(max(xs)) + abs(min(xs))\n",
    "ys_length = abs(max(ys)) + abs(min(ys))\n",
    "\n",
    "# We can now scale all xs and ys to fit inside a unit square\n",
    "xs_scaled = [i/xs_length for i in xs]\n",
    "ys_scaled = [i/ys_length for i in ys]\n",
    "grid_scaled = [(x,y) for x, y in zip(xs_scaled, ys_scaled)]\n",
    "\n",
    "# Same thing for all jump coodinates\n",
    "jump_scaled = []\n",
    "for i in jump_coordinates:\n",
    "    xs_temp = [j[0]/xs_length for j in i]\n",
    "    ys_temp = [j[1]/ys_length for j in i]\n",
    "    jump_temp = [(x,y) for x, y in zip(xs_temp, ys_temp)]\n",
    "    jump_scaled.append(jump_temp)\n",
    "\n",
    "\n",
    "# The new vertices are stored in grid_scaled\n",
    "# The new jumps are stored in jump_scaled\n",
    "\n",
    "\n",
    "## Now we want to move the grid so it lies in the first quadrant \n",
    "\n",
    "# We check how much it should be moved along postive x axis and y axis\n",
    "x_move = min(xs_scaled)\n",
    "y_move = min(ys_scaled)\n",
    "\n",
    "# Add the absolute to every coordinate\n",
    "xs_final = [x + abs(x_move) for x in xs_scaled]\n",
    "ys_final = [y + abs(y_move) for y in ys_scaled]\n",
    "grid_final = [(x,y) for x, y in zip(xs_final, ys_final)]\n",
    "\n",
    "jump_final = []\n",
    "for i in jump_scaled:\n",
    "    xs_temp = [j[0] + abs(x_move) for j in i]\n",
    "    ys_temp = [j[1] + abs(y_move) for j in i]\n",
    "    jump_temp = [(x,y) for x, y in zip(xs_temp, ys_temp)]\n",
    "    jump_final.append(jump_temp)\n",
    "\n",
    "\n",
    "# The new vertices are stored in grid_final\n",
    "# The new jumps are stored in jump_final"
   ]
  },
  {
   "cell_type": "code",
   "execution_count": 4,
   "metadata": {},
   "outputs": [],
   "source": [
    "## DEFINITION OF USEFUL FUNCTIONS\n",
    "\n",
    "def Hamil_solve(z, w, B):\n",
    "    # Define now a skeleton of the Hamiltonian \n",
    "    dim_H = len(z)\n",
    "    H = np.zeros((dim_H, dim_H), dtype= np.complex128)\n",
    "    k_H = [x for x in range(0, dim_H)]\n",
    "    # Calculate Peierls phase factor according to the 1st artcle \n",
    "    \n",
    "    # Start by finding the tile length\n",
    "    tile_lens = [np.linalg.norm(np.array(z[0]) - np.array(x)) for x in w[0]]\n",
    "    tile_lens_sum = np.sum(tile_lens)\n",
    "    l  = tile_lens_sum/len(tile_lens)\n",
    "    phi = B * l**2\n",
    "    phi_0 = 2 * np.pi\n",
    "    jump_products = []\n",
    "    for i, j in zip(z, w):\n",
    "        products = [i[0]*k[1] - k[0]*i[1] for k in j]\n",
    "        jump_products.append(products)\n",
    "    phase_factors = []\n",
    "    for i, j in zip(z, jump_products):\n",
    "        phases = [(phi/(2 * l**2)) * k for k in j]\n",
    "        phase_factors.append(phases)\n",
    "\n",
    "    # Scaling via J, maybe energy factor\n",
    "    J = 1\n",
    "    # Fill out the Hamiltonian according to the psi vector, i.e. the basis chosen through generation of the tiling\n",
    "    for x, y, z in zip(k_H, jump_indices, phase_factors):\n",
    "        for k, t in zip(y, z):\n",
    "            H[x, k] = -J * np.exp(1j * t)\n",
    "\n",
    "    # Now we find the eigenvalues and eigenvectors\n",
    "    # Note that eigh returns normalized eigenvectors!\n",
    "    # Note the eigenvectors are arranged in a matrix so eig_vecs[:,i] chooses the i'th column which is the i'th eigenvector\n",
    "    eig_vals, U = np.linalg.eigh(H)\n",
    "    eig_vecs = np.array([U[:,i] for i in range(len(U))])\n",
    "    return eig_vals, eig_vecs"
   ]
  },
  {
   "cell_type": "code",
   "execution_count": 5,
   "metadata": {},
   "outputs": [],
   "source": [
    "# We want to know when phi/phi0 = 1, this happens when phi = 2pi\n",
    "# phi in this case is phi = B*l*2 so B must be equal to\n",
    "B_full = (2*np.pi)/(0.03825242185233838**2)\n",
    "\n",
    "# Take field strength of B= 2pi so that phi/phi0= 0.5\n",
    "evals, evecs = Hamil_solve(grid_final, jump_final, (0.925)*B_full)"
   ]
  },
  {
   "cell_type": "code",
   "execution_count": 6,
   "metadata": {},
   "outputs": [],
   "source": [
    "# Now we must construct first construct diagonal matrices X and Y with Xij = xij * delta_ij and so on\n",
    "xs = [x for (x,y) in grid_final]\n",
    "X = np.diag(xs)\n",
    "ys = [y for (x,y) in grid_final]\n",
    "Y = np.diag(ys)\n",
    "# With these we now define to unitary matrices from X and Y by exponentiating every entry as exp(i*2*pi xij)\n",
    "# dtype should be all right after the exponentiation. This was checked by checking some entries and seeing them as complex\n",
    "Ux = expm(1j*2*np.pi*X)\n",
    "Uy = expm(1j*2*np.pi*Y)\n",
    "\n",
    "# For use in the approximation function we define the adjoints of Ux and Uy\n",
    "# d denotes dagger\n",
    "Uxd = Ux.T.conj()\n",
    "Uyd = Uy.T.conj()\n",
    "\n",
    "# Now we can define the function that will be called to calculate the projection operator and calculate the corresponding Bott index\n",
    "# It is done this way because the projector must be built recursively to minimise calculations and save time\n",
    "\n",
    "def bott_index(ns, evec):\n",
    "    # Set dimensions for later\n",
    "    dim = range(len(grid_final))\n",
    "    dims = len(grid_final)\n",
    "    # Because the projection relies on inner products of eigenvectors we will be calculating these here \n",
    "    # Note np.vdot does complex conjugation of the first entry\n",
    "    #dot_ps = [[np.vdot(i,m) for m in evec] for i in evec]\n",
    "    dot_ps = [[m[i] for m in evec] for i in np.arange(0,dims)]\n",
    "\n",
    "    # We create a matrix of zeroes with dimensions dim X dim, so that we need only fill it out with projections\n",
    "    # We make sure to set dtype correctly to complex numbers\n",
    "    P = np.zeros([dims,dims], dtype= np.complex128)\n",
    "\n",
    "    # We also initialise the identity matrix of dimensions dim X dim for later use\n",
    "    iden = np.identity(n= dims, dtype= np.complex128)\n",
    "\n",
    "    # Now we iteratively put the dot products on the entries they belong to. To this end we loop of ns which indicate which eigenstate we are calculating the index of\n",
    "    # Therefore we let the outer loop be the ns meaning we calculate the bott index inside each ns we loop through\n",
    "    # Define now an empty list for indices\n",
    "    indices = []\n",
    "    for n in ns:\n",
    "        # We now loop over the dimensions for both i and j but as a nested for loop\n",
    "        # This is done so we can hit every entry first along the i'th row\n",
    "        for i in dim:\n",
    "            for j in dim:\n",
    "                # Now we simply set the condition that we always add the product of two projections corresponding to the current n up to which we have be doing the sum\n",
    "                P[i][j] += dot_ps[i][n] * (dot_ps[j][n]).conj()\n",
    "        \n",
    "        # With the matrix modified for the n'th entry we now find that we can calculate the Bott index \n",
    "        # To this end we firstly define the matrices Vx and Vy\n",
    "        # We write out some matrix multiplication explicitly for readability\n",
    "        # Note again we are explicit in the dtype to root out possible errors\n",
    "        # First Ux\n",
    "        Ux_P = np.matmul(Ux, P, dtype= np.complex128)\n",
    "        P_Ux_P = np.matmul(P, Ux_P, dtype= np.complex128)\n",
    "        Vx = iden - P + P_Ux_P\n",
    "        # Repeat for Uy\n",
    "        Uy_P = np.matmul(Uy, P, dtype= np.complex128)\n",
    "        P_Uy_P = np.matmul(P, Uy_P, dtype= np.complex128)\n",
    "        Vy = iden - P + P_Uy_P\n",
    "\n",
    "        # Now we can calculate further producs of Vx and Vy and their adjoints\n",
    "        # Again we do it rather explicitly and with dtype specified each time\n",
    "        # Vxd denotes Vx dagger (adjoint) and so on\n",
    "        Vxd = Vx.T.conj()\n",
    "        Vyd = Vy.T.conj() \n",
    "        Vxd_Vyd = np.matmul(Vxd,Vyd, dtype= np.complex128)\n",
    "        Vy_Vxd_Vyd = np.matmul(Vy, Vxd_Vyd, dtype= np.complex128)\n",
    "        Vx_Vy_Vxd_Vyd = np.matmul(Vx, Vy_Vxd_Vyd, dtype= np.complex128)\n",
    "\n",
    "        # Now we can calculate the n'th index by first calculating the matrix logarithm of the above matrix\n",
    "        log_Vs = logm(Vx_Vy_Vxd_Vyd)\n",
    "        tr = np.trace(log_Vs)\n",
    "        Bn = (1/(2*np.pi)) * (tr.imag)\n",
    "        \n",
    "        # Save the indices\n",
    "        indices.append(Bn)\n",
    "    \n",
    "    return indices\n",
    "\n",
    "\n",
    "# To test an idea to find non-zero Bott indices we construct a function that will function much like the previous one, but calculatios might run slightly faster\n",
    "def bott_approx(ns, evec):\n",
    "    # Set dimensions for later\n",
    "    dim = range(len(grid_final))\n",
    "    dims = len(grid_final)\n",
    "    # Because the projection relies on inner products of eigenvectors we will be calculating these here \n",
    "    # Note np.vdot does complex conjugation of the first entry\n",
    "    \n",
    "    ## TEMP COMMENT OUT\n",
    "    #dot_ps = [[np.vdot(i,m) for m in evec] for i in evec]\n",
    "    dot_ps = [[m[i] for m in evec] for i in np.arange(0,dims)]\n",
    "\n",
    "    # We create a matrix of zeroes with dimensions dim X dim, so that we need only fill it out with projections\n",
    "    # We make sure to set dtype correctly to complex numbers\n",
    "    P = np.zeros([dims,dims], dtype= np.complex128)\n",
    "\n",
    "    # Now we iteratively put the dot products on the entries they belong to. To this end we loop of ns which indicate which eigenstate we are calculating the index of\n",
    "    # Therefore we let the outer loop be the ns meaning we calculate the bott index inside each ns we loop through\n",
    "    # Define now an empty list for indices\n",
    "    indices = []\n",
    "    for n in ns:\n",
    "        # We now loop over the dimensions for both i and j but as a nested for loop\n",
    "        # This is done so we can hit every entry first along the i'th row\n",
    "        for i in dim:\n",
    "            for j in dim:\n",
    "                # Now we simply set the condition that we always add the product of two projections corresponding to the current n up to which we have be doing the sum\n",
    "                P[i][j] += dot_ps[i][n] * (dot_ps[j][n]).conj()\n",
    "\n",
    "        # With the matrix modified for the n'th entry we now find that we can calculate the Bott index \n",
    "        # This uses eqn. 13 of the first article, we omit the correction term\n",
    "        # Define matrix multiplication in explicit terms for readability\n",
    "        Uyd_P = np.matmul(Uyd, P, dtype= np.complex128)\n",
    "        P_Uyd_P = np.matmul(P, Uyd_P, dtype= np.complex128)\n",
    "        Uxd_P_Uyd_P = np.matmul(Uxd, P_Uyd_P, dtype= np.complex128)\n",
    "        P_Uxd_P_Uyd_P = np.matmul(P, Uxd_P_Uyd_P, dtype= np.complex128)\n",
    "        Uy_P_Uxd_P_Uyd_P = np.matmul(Uy, P_Uxd_P_Uyd_P, dtype= np.complex128)\n",
    "        P_Uy_P_Uxd_P_Uyd_P = np.matmul(P, Uy_P_Uxd_P_Uyd_P, dtype= np.complex128)\n",
    "        Ux_P_Uy_P_Uxd_P_Uyd_P = np.matmul(Ux, P_Uy_P_Uxd_P_Uyd_P, dtype= np.complex128)\n",
    "        P_Ux_P_Uy_P_Uxd_P_Uyd_P = np.matmul(P, Ux_P_Uy_P_Uxd_P_Uyd_P, dtype= np.complex128)\n",
    "        # Now we can calculate the n'th index by first calculating the matrix logarithm of the above matrix\n",
    "        tr = np.trace(P_Ux_P_Uy_P_Uxd_P_Uyd_P)\n",
    "        Bn = (1/(2*np.pi)) * (tr.imag)\n",
    "        \n",
    "        # Save the indices\n",
    "        indices.append(Bn)\n",
    "    \n",
    "    return indices"
   ]
  },
  {
   "cell_type": "code",
   "execution_count": 7,
   "metadata": {},
   "outputs": [
    {
     "name": "stdout",
     "output_type": "stream",
     "text": [
      "[[ 1.59966547e-07+0.00000000e+00j  1.20279117e-07-6.03661629e-08j\n",
      "   3.22174219e-08+8.96506203e-08j ...  9.40687891e-08-1.50419052e-08j\n",
      "  -1.20016702e-07+6.08862123e-08j -1.35037914e-07-8.57558047e-08j]\n",
      " [ 1.20279117e-07+6.03661629e-08j  1.13218295e-07+0.00000000e+00j\n",
      "  -9.60688910e-09+7.95662583e-08j ...  7.64068065e-08+2.41884621e-08j\n",
      "  -1.13217234e-07+4.90052910e-10j -6.91737890e-08-1.15438843e-07j]\n",
      " [ 3.22174219e-08-8.96506203e-08j -9.60688910e-09-7.95662583e-08j\n",
      "   5.67318365e-08+0.00000000e+00j ...  1.05155594e-08-5.57487604e-08j\n",
      "   9.95119289e-09+7.95239306e-08j -7.52572006e-08+5.84084732e-08j]\n",
      " ...\n",
      " [ 9.40687891e-08+1.50419052e-08j  7.64068065e-08-2.41884621e-08j\n",
      "   1.05155594e-08+5.57487604e-08j ...  5.67318365e-08+0.00000000e+00j\n",
      "  -7.63013937e-08+2.45189540e-08j -7.13456816e-08-6.31267749e-08j]\n",
      " [-1.20016702e-07-6.08862123e-08j -1.13217234e-07-4.90052910e-10j\n",
      "   9.95119289e-09-7.95239306e-08j ... -7.63013937e-08-2.45189540e-08j\n",
      "   1.13218295e-07+0.00000000e+00j  6.86734767e-08+1.15737173e-07j]\n",
      " [-1.35037914e-07+8.57558047e-08j -6.91737890e-08+1.15438843e-07j\n",
      "  -7.52572006e-08-5.84084732e-08j ... -7.13456816e-08+6.31267749e-08j\n",
      "   6.86734767e-08-1.15737173e-07j  1.59966547e-07+0.00000000e+00j]]\n",
      "[[ 2.72689115e-05+0.00000000e+00j  1.97827359e-05-1.51854308e-05j\n",
      "   1.99379847e-05+1.59261277e-05j ... -1.91576303e-05+1.66104102e-05j\n",
      "   1.94767888e-05-1.51491435e-05j  2.27493428e-05+1.44469664e-05j]\n",
      " [ 1.97827359e-05+1.51854308e-05j  2.28134668e-05+0.00000000e+00j\n",
      "   5.59254954e-06+2.26721115e-05j ... -2.31630347e-05+1.34161495e-06j\n",
      "   2.25868187e-05-9.77654709e-08j  8.42082044e-06+2.31933532e-05j]\n",
      " [ 1.99379847e-05-1.59261277e-05j  5.59254954e-06-2.26721115e-05j\n",
      "   2.39246315e-05+0.00000000e+00j ... -4.41353156e-06+2.33985567e-05j\n",
      "   5.51426580e-06-2.25370580e-05j  2.52181757e-05-2.63896637e-06j]\n",
      " ...\n",
      " [-1.91576303e-05-1.66104102e-05j -2.31630347e-05-1.34161495e-06j\n",
      "  -4.41353156e-06-2.33985567e-05j ...  2.39246315e-05+0.00000000e+00j\n",
      "  -2.33212276e-05-1.19230583e-06j -7.41025671e-06-2.44182897e-05j]\n",
      " [ 1.94767888e-05+1.51491435e-05j  2.25868187e-05+9.77654709e-08j\n",
      "   5.51426580e-06+2.25370580e-05j ... -2.33212276e-05+1.19230583e-06j\n",
      "   2.28134668e-05+0.00000000e+00j  8.45769864e-06+2.34610589e-05j]\n",
      " [ 2.27493428e-05-1.44469664e-05j  8.42082044e-06-2.31933532e-05j\n",
      "   2.52181757e-05+2.63896637e-06j ... -7.41025671e-06+2.44182897e-05j\n",
      "   8.45769864e-06-2.34610589e-05j  2.72689115e-05+0.00000000e+00j]]\n",
      "[[ 4.95427800e-05+0.00000000e+00j  3.49903199e-05-2.69495890e-05j\n",
      "   4.22047086e-05+1.90598573e-05j ... -1.19509432e-05-4.68961120e-06j\n",
      "   4.32026712e-06-3.31927111e-06j  3.94655692e-06+2.50626032e-06j]\n",
      " [ 3.49903199e-05+2.69495890e-05j  3.94098667e-05+0.00000000e+00j\n",
      "   1.91401460e-05+3.65720641e-05j ... -6.99282514e-06-9.39478931e-06j\n",
      "   5.99057426e-06-2.59297833e-08j  1.88973270e-06+5.10990988e-06j]\n",
      " [ 4.22047086e-05-1.90598573e-05j  1.91401460e-05-3.65720641e-05j\n",
      "   4.66251002e-05+0.00000000e+00j ... -2.05874243e-07+1.09145252e-06j\n",
      "  -7.97303936e-06-8.57859621e-06j  4.74147293e-06-1.19304623e-05j]\n",
      " ...\n",
      " [-1.19509432e-05+4.68961120e-06j -6.99282514e-06+9.39478931e-06j\n",
      "  -2.05874243e-07-1.09145252e-06j ...  4.66251002e-05+0.00000000e+00j\n",
      "  -3.95377570e-05-1.18586185e-05j -2.07523823e-06-4.62623926e-05j]\n",
      " [ 4.32026712e-06+3.31927111e-06j  5.99057426e-06+2.59297833e-08j\n",
      "  -7.97303936e-06+8.57859621e-06j ... -3.95377570e-05+1.18586185e-05j\n",
      "   3.94098667e-05+0.00000000e+00j  1.49104530e-05+4.15726019e-05j]\n",
      " [ 3.94655692e-06-2.50626032e-06j  1.88973270e-06-5.10990988e-06j\n",
      "   4.74147293e-06+1.19304623e-05j ... -2.07523823e-06+4.62623926e-05j\n",
      "   1.49104530e-05-4.15726019e-05j  4.95427800e-05+0.00000000e+00j]]\n",
      "[[ 5.00057084e-05+0.00000000e+00j  3.53240472e-05-2.72398037e-05j\n",
      "   4.21453856e-05+1.94022272e-05j ... -1.22763846e-05-4.81136635e-06j\n",
      "   4.65273514e-06-3.61092761e-06j  4.33734420e-06+2.75442972e-06j]\n",
      " [ 3.53240472e-05+2.72398037e-05j  3.98323910e-05+0.00000000e+00j\n",
      "   1.88827445e-05+3.67816900e-05j ... -7.15110776e-06-9.68658577e-06j\n",
      "   6.41309455e-06-2.77586330e-08j  2.01587308e-06+5.53380504e-06j]\n",
      " [ 4.21453856e-05-1.94022272e-05j  1.88827445e-05-3.67816900e-05j\n",
      "   4.68859102e-05+0.00000000e+00j ... -2.54216826e-07+1.34774312e-06j\n",
      "  -8.23134581e-06-8.78710603e-06j  4.87493434e-06-1.22512807e-05j]\n",
      " ...\n",
      " [-1.22763846e-05+4.81136635e-06j -7.15110776e-06+9.68658577e-06j\n",
      "  -2.54216826e-07-1.34774312e-06j ...  4.68859102e-05+0.00000000e+00j\n",
      "  -3.96947752e-05-1.15661397e-05j -2.41523514e-06-4.63340759e-05j]\n",
      " [ 4.65273514e-06+3.61092761e-06j  6.41309455e-06+2.77586330e-08j\n",
      "  -8.23134581e-06+8.78710603e-06j ... -3.96947752e-05+1.15661397e-05j\n",
      "   3.98323910e-05+0.00000000e+00j  1.50347574e-05+4.19970390e-05j]\n",
      " [ 4.33734420e-06-2.75442972e-06j  2.01587308e-06-5.53380504e-06j\n",
      "   4.87493434e-06+1.22512807e-05j ... -2.41523514e-06+4.63340759e-05j\n",
      "   1.50347574e-05-4.19970390e-05j  5.00057084e-05+0.00000000e+00j]]\n",
      "[[ 9.91543514e-05+0.00000000e+00j  7.25707781e-05-5.50160089e-05j\n",
      "   5.19777211e-05+5.66866358e-05j ...  2.61844198e-05-7.56245130e-06j\n",
      "  -3.24734206e-05+2.43262357e-05j -3.71521443e-05-2.35934631e-05j]\n",
      " [ 7.25707781e-05+5.50160089e-05j  8.37570327e-05+0.00000000e+00j\n",
      "   5.26289692e-06+7.05939623e-05j ...  2.35507354e-05+9.96454217e-06j\n",
      "  -3.75111357e-05+1.62364337e-07j -1.45360251e-05-3.78812983e-05j]\n",
      " [ 5.19777211e-05-5.66866358e-05j  5.26289692e-06-7.05939623e-05j\n",
      "   7.71370392e-05+0.00000000e+00j ...  5.35299713e-06-2.83791800e-05j\n",
      "   5.53472687e-06+2.49658975e-05j -2.34128084e-05+1.39518785e-05j]\n",
      " ...\n",
      " [ 2.61844198e-05+7.56245130e-06j  2.35507354e-05-9.96454217e-06j\n",
      "   5.35299713e-06+2.83791800e-05j ...  7.71370392e-05+0.00000000e+00j\n",
      "  -7.03112730e-05+8.21769370e-06j -3.34076230e-05-6.92747349e-05j]\n",
      " [-3.24734206e-05-2.43262357e-05j -3.75111357e-05-1.62364337e-07j\n",
      "   5.53472687e-06-2.49658975e-05j ... -7.03112730e-05-8.21769370e-06j\n",
      "   8.37570327e-05+0.00000000e+00j  3.13985831e-05+8.54833788e-05j]\n",
      " [-3.71521443e-05+2.35934631e-05j -1.45360251e-05+3.78812983e-05j\n",
      "  -2.34128084e-05-1.39518785e-05j ... -3.34076230e-05+6.92747349e-05j\n",
      "   3.13985831e-05-8.54833788e-05j  9.91543514e-05+0.00000000e+00j]]\n",
      "[[ 1.15784186e-04+0.00000000e+00j  8.32926680e-05-6.26775878e-05j\n",
      "   6.90059889e-05+5.19566649e-05j ...  2.76761440e-05+1.00474688e-05j\n",
      "  -2.17847935e-05+1.66183200e-05j -2.31138454e-05-1.46784437e-05j]\n",
      " [ 8.32926680e-05+6.26775878e-05j  9.41996328e-05+0.00000000e+00j\n",
      "   1.84208302e-05+7.53895115e-05j ...  1.63993901e-05+2.20055870e-05j\n",
      "  -2.70686335e-05+1.17164694e-07j -9.59226167e-06-2.56658198e-05j]\n",
      " [ 6.90059889e-05-5.19566649e-05j  1.84208302e-05-7.53895115e-05j\n",
      "   9.59186165e-05+0.00000000e+00j ...  1.87172797e-06-9.92305874e-06j\n",
      "   1.86717799e-05+2.01134406e-05j -1.15738375e-05+2.70733607e-05j]\n",
      " ...\n",
      " [ 2.76761440e-05-1.00474688e-05j  1.63993901e-05-2.20055870e-05j\n",
      "   1.87172797e-06+9.92305874e-06j ...  9.59186165e-05+0.00000000e+00j\n",
      "  -7.75146697e-05-3.79228455e-06j -2.27079347e-05-8.33406937e-05j]\n",
      " [-2.17847935e-05-1.66183200e-05j -2.70686335e-05-1.17164694e-07j\n",
      "   1.86717799e-05-2.01134406e-05j ... -7.75146697e-05+3.79228455e-06j\n",
      "   9.41996328e-05+0.00000000e+00j  3.62894269e-05+9.77201415e-05j]\n",
      " [-2.31138454e-05+1.46784437e-05j -9.59226167e-06+2.56658198e-05j\n",
      "  -1.15738375e-05-2.70733607e-05j ... -2.27079347e-05+8.33406937e-05j\n",
      "   3.62894269e-05-9.77201415e-05j  1.15784186e-04+0.00000000e+00j]]\n",
      "[[ 2.04354494e-04+0.00000000e+00j  1.50717660e-04-1.11130025e-04j\n",
      "   4.56669634e-05+9.56288334e-05j ... -1.09132351e-05-2.09820048e-05j\n",
      "   4.54298457e-05-3.21255049e-05j  5.16539720e-05+3.28028464e-05j]\n",
      " [ 1.50717660e-04+1.11130025e-04j  1.72033484e-04+0.00000000e+00j\n",
      "  -2.32371101e-05+9.58677393e-05j ...  3.99754822e-06-2.27262375e-05j\n",
      "   5.07644890e-05-2.19730554e-07j  2.13507860e-05+5.13815423e-05j]\n",
      " [ 4.56669634e-05-9.56288334e-05j -2.32371101e-05-9.58677393e-05j\n",
      "   1.23602481e-04+0.00000000e+00j ... -3.25962934e-06+1.72810868e-05j\n",
      "  -2.30744080e-05-1.84283605e-07j -7.86375776e-06-2.23048098e-05j]\n",
      " ...\n",
      " [-1.09132351e-05+2.09820048e-05j  3.99754822e-06+2.27262375e-05j\n",
      "  -3.25962934e-06-1.72810868e-05j ...  1.23602481e-04+0.00000000e+00j\n",
      "  -8.97227786e-05+4.09928010e-05j -7.19181407e-05-7.78339667e-05j]\n",
      " [ 4.54298457e-05+3.21255049e-05j  5.07644890e-05+2.19730554e-07j\n",
      "  -2.30744080e-05+1.84283605e-07j ... -8.97227786e-05-4.09928010e-05j\n",
      "   1.72033484e-04+0.00000000e+00j  6.68986937e-05+1.74900715e-04j]\n",
      " [ 5.16539720e-05-3.28028464e-05j  2.13507860e-05-5.13815423e-05j\n",
      "  -7.86375776e-06+2.23048098e-05j ... -7.19181407e-05+7.78339667e-05j\n",
      "   6.68986937e-05-1.74900715e-04j  2.04354494e-04+0.00000000e+00j]]\n",
      "[[ 3.53471182e-04+0.00000000e+00j  2.60181541e-04-1.93005680e-04j\n",
      "  -7.14031129e-06+1.00953321e-04j ... -1.54691335e-05+3.18971236e-05j\n",
      "  -6.36786203e-05+5.02231857e-05j -7.42248870e-05-4.71365022e-05j]\n",
      " [ 2.60181541e-04+1.93005680e-04j  2.97344504e-04+0.00000000e+00j\n",
      "  -6.49255033e-05+7.07814043e-05j ... -2.83812530e-05+1.35898686e-05j\n",
      "  -7.45453567e-05+3.22664383e-07j -2.71622411e-05-7.64169335e-05j]\n",
      " [-7.14031129e-06-1.00953321e-04j -6.49255033e-05-7.07814043e-05j\n",
      "   1.42493448e-04+0.00000000e+00j ...  2.41915794e-07-1.28252859e-06j\n",
      "   1.85050113e-05-2.54508273e-05j  3.38598316e-05+1.04991612e-05j]\n",
      " ...\n",
      " [-1.54691335e-05-3.18971236e-05j -2.83812530e-05-1.35898686e-05j\n",
      "   2.41915794e-07+1.28252859e-06j ...  1.42493448e-04+0.00000000e+00j\n",
      "  -5.71870904e-05+7.71684188e-05j -9.64199710e-05-3.07529861e-05j]\n",
      " [-6.36786203e-05-5.02231857e-05j -7.45453567e-05-3.22664383e-07j\n",
      "   1.85050113e-05+2.54508273e-05j ... -5.71870904e-05-7.71684188e-05j\n",
      "   2.97344504e-04+0.00000000e+00j  1.14858105e-04+3.02907977e-04j]\n",
      " [-7.42248870e-05+4.71365022e-05j -2.71622411e-05+7.64169335e-05j\n",
      "   3.38598316e-05-1.04991612e-05j ... -9.64199710e-05+3.07529861e-05j\n",
      "   1.14858105e-04-3.02907977e-04j  3.53471182e-04+0.00000000e+00j]]\n",
      "[[ 3.54470087e-04+0.00000000e+00j  2.60177751e-04-1.93253362e-04j\n",
      "  -4.74581720e-06+1.01690628e-04j ... -1.43007693e-05+2.96807865e-05j\n",
      "  -6.36737583e-05+5.04708487e-05j -7.50681263e-05-4.76720012e-05j]\n",
      " [ 2.60177751e-04+1.93253362e-04j  2.97405932e-04+0.00000000e+00j\n",
      "  -6.51174059e-05+7.13723293e-05j ... -2.78361380e-05+1.38879770e-05j\n",
      "  -7.46067840e-05+3.22930266e-07j -2.70262632e-05-7.66239856e-05j]\n",
      " [-4.74581720e-06-1.01690628e-04j -6.51174059e-05-7.13723293e-05j\n",
      "   1.48777553e-04+0.00000000e+00j ...  1.40670931e-06-7.45773923e-06j\n",
      "   1.86994698e-05-2.48607384e-05j  3.14432269e-05+9.83791516e-06j]\n",
      " ...\n",
      " [-1.43007693e-05-2.96807865e-05j -2.78361380e-05-1.38879770e-05j\n",
      "   1.40670931e-06+7.45773923e-06j ...  1.48777553e-04+0.00000000e+00j\n",
      "  -5.77309099e-05+7.74688839e-05j -9.62181144e-05-3.32502803e-05j]\n",
      " [-6.36737583e-05-5.04708487e-05j -7.46067840e-05-3.22930266e-07j\n",
      "   1.86994698e-05+2.48607384e-05j ... -5.77309099e-05-7.74688839e-05j\n",
      "   2.97405932e-04+0.00000000e+00j  1.14721232e-04+3.03114439e-04j]\n",
      " [-7.50681263e-05+4.76720012e-05j -2.70262632e-05+7.66239856e-05j\n",
      "   3.14432269e-05-9.83791516e-06j ... -9.62181144e-05+3.32502803e-05j\n",
      "   1.14721232e-04-3.03114439e-04j  3.54470087e-04+0.00000000e+00j]]\n",
      "[[ 3.76562447e-04+0.00000000e+00j  2.76542809e-04-2.07683257e-04j\n",
      "   7.08396528e-06+1.17357465e-04j ... -3.18888395e-05+3.84016421e-05j\n",
      "  -4.73713124e-05+3.59702545e-05j -5.64185634e-05-3.58285993e-05j]\n",
      " [ 2.76542809e-04+2.07683257e-04j  3.18953516e-04+0.00000000e+00j\n",
      "  -6.65874047e-05+9.07044065e-05j ... -4.65607475e-05+8.86014375e-06j\n",
      "  -5.30594020e-05+2.29663925e-07j -2.09471424e-05-5.56697195e-05j]\n",
      " [ 7.08396528e-06-1.17357465e-04j -6.65874047e-05-9.07044065e-05j\n",
      "   1.66222205e-04+0.00000000e+00j ... -1.82675338e-06+9.68462374e-06j\n",
      "   1.71458081e-05-4.41862718e-05j  4.98282668e-05+2.95432307e-06j]\n",
      " ...\n",
      " [-3.18888395e-05-3.84016421e-05j -4.65607475e-05-8.86014375e-06j\n",
      "  -1.82675338e-06-9.68462374e-06j ...  1.66222205e-04+0.00000000e+00j\n",
      "  -7.64335815e-05+8.25777175e-05j -1.06390193e-04-5.00408238e-05j]\n",
      " [-4.73713124e-05-3.59702545e-05j -5.30594020e-05-2.29663925e-07j\n",
      "   1.71458081e-05+4.41862718e-05j ... -7.64335815e-05-8.25777175e-05j\n",
      "   3.18953516e-04+0.00000000e+00j  1.20709597e-04+3.24094821e-04j]\n",
      " [-5.64185634e-05+3.58285993e-05j -2.09471424e-05+5.56697195e-05j\n",
      "   4.98282668e-05-2.95432307e-06j ... -1.06390193e-04+5.00408238e-05j\n",
      "   1.20709597e-04-3.24094821e-04j  3.76562447e-04+0.00000000e+00j]]\n",
      "[[ 5.02237987e-04+0.00000000e+00j  3.64739103e-04-2.82676689e-04j\n",
      "  -1.06039111e-05+8.72284544e-05j ...  9.96627326e-07+2.66048483e-05j\n",
      "   4.04995554e-05-3.94042229e-05j  4.96721348e-05+3.15442810e-05j]\n",
      " [ 3.64739103e-04+2.82676689e-04j  4.25597985e-04+0.00000000e+00j\n",
      "  -6.10217013e-05+5.90057824e-05j ... -1.64430461e-05+2.02049171e-05j\n",
      "   5.35840685e-05-2.31934907e-07j  1.33020280e-05+5.49177824e-05j]\n",
      " [-1.06039111e-05-8.72284544e-05j -6.10217013e-05-5.90057824e-05j\n",
      "   1.75934662e-04+0.00000000e+00j ... -3.62701096e-06+1.92287786e-05j\n",
      "   2.28486633e-05-1.25120352e-05j  1.87450710e-05+1.89059126e-05j]\n",
      " ...\n",
      " [ 9.96627326e-07-2.66048483e-05j -1.64430461e-05-2.02049171e-05j\n",
      "  -3.62701096e-06-1.92287786e-05j ...  1.75934662e-04+0.00000000e+00j\n",
      "  -4.63652669e-05+7.11026893e-05j -8.49535781e-05-2.24529676e-05j]\n",
      " [ 4.04995554e-05+3.94042229e-05j  5.35840685e-05+2.31934907e-07j\n",
      "   2.28486633e-05+1.25120352e-05j ... -4.63652669e-05-7.11026893e-05j\n",
      "   4.25597985e-04+0.00000000e+00j  1.54479781e-04+4.34829531e-04j]\n",
      " [ 4.96721348e-05-3.15442810e-05j  1.33020280e-05-5.49177824e-05j\n",
      "   1.87450710e-05-1.89059126e-05j ... -8.49535781e-05+2.24529676e-05j\n",
      "   1.54479781e-04-4.34829531e-04j  5.02237987e-04+0.00000000e+00j]]\n",
      "[[ 1.10372731e-03+0.00000000e+00j  7.77957509e-04-6.41106219e-04j\n",
      "   2.77201271e-04-1.29637866e-04j ... -1.58765449e-04-2.96410480e-04j\n",
      "  -3.71163557e-04+3.20810520e-04j -4.58083173e-04-2.90905644e-04j]\n",
      " [ 7.77957509e-04+6.41106219e-04j  9.23065134e-04+0.00000000e+00j\n",
      "   2.65929558e-04+8.15244216e-05j ...  6.62876023e-05-2.96906821e-04j\n",
      "  -4.43878421e-04+1.92129682e-06j -1.43372846e-04-4.69175876e-04j]\n",
      " [ 2.77201271e-04+1.29637866e-04j  2.65929558e-04-8.15244216e-05j\n",
      "   3.91836787e-04+0.00000000e+00j ...  3.63916412e-05-1.92932092e-04j\n",
      "  -3.04002063e-04+1.14215655e-05j -1.07950578e-04-3.18453000e-04j]\n",
      " ...\n",
      " [-1.58765449e-04+2.96410480e-04j  6.62876023e-05+2.96906821e-04j\n",
      "   3.63916412e-05+1.92932092e-04j ...  3.91836787e-04+0.00000000e+00j\n",
      "  -1.30467723e-04-2.45647988e-04j  2.23075681e-04-2.09484513e-04j]\n",
      " [-3.71163557e-04-3.20810520e-04j -4.43878421e-04-1.92129682e-06j\n",
      "  -3.04002063e-04-1.14215655e-05j ... -1.30467723e-04+2.45647988e-04j\n",
      "   9.23065134e-04+0.00000000e+00j  3.08884706e-04+9.59596430e-04j]\n",
      " [-4.58083173e-04+2.90905644e-04j -1.43372846e-04+4.69175876e-04j\n",
      "  -1.07950578e-04+3.18453000e-04j ...  2.23075681e-04+2.09484513e-04j\n",
      "   3.08884706e-04-9.59596430e-04j  1.10372731e-03+0.00000000e+00j]]\n",
      "[[ 1.64776622e-03+0.00000000e+00j  1.16391145e-03-9.96945292e-04j\n",
      "   6.76372888e-04-1.37146060e-04j ... -2.25376026e-04+9.72357877e-05j\n",
      "   1.32465600e-05-3.66957783e-05j  1.17458995e-06+7.45923156e-07j]\n",
      " [ 1.16391145e-03+9.96945292e-04j  1.42961327e-03+0.00000000e+00j\n",
      "   5.54022132e-04+3.37283779e-04j ... -2.38439387e-04-6.12128622e-05j\n",
      "   6.26649677e-05-2.71240945e-07j -8.32492788e-06+3.81149193e-05j]\n",
      " [ 6.76372888e-04+1.37146060e-04j  5.54022132e-04-3.37283779e-04j\n",
      "   6.84820159e-04+0.00000000e+00j ... -1.79144461e-05+9.49743253e-05j\n",
      "  -1.70192142e-05-2.45582373e-04j  2.24990478e-04-9.81245949e-05j]\n",
      " ...\n",
      " [-2.25376026e-04-9.72357877e-05j -2.38439387e-04+6.12128622e-05j\n",
      "  -1.79144461e-05-9.49743253e-05j ...  6.84820159e-04+0.00000000e+00j\n",
      "  -4.36212034e-04-4.80020762e-04j  3.77873666e-04-5.77495297e-04j]\n",
      " [ 1.32465600e-05+3.66957783e-05j  6.26649677e-05+2.71240945e-07j\n",
      "  -1.70192142e-05+2.45582373e-04j ... -4.36212034e-04+4.80020762e-04j\n",
      "   1.42961327e-03+0.00000000e+00j  4.41735607e-04+1.46746701e-03j]\n",
      " [ 1.17458995e-06-7.45923156e-07j -8.32492788e-06-3.81149193e-05j\n",
      "   2.24990478e-04+9.81245949e-05j ...  3.77873666e-04+5.77495297e-04j\n",
      "   4.41735607e-04-1.46746701e-03j  1.64776622e-03+0.00000000e+00j]]\n",
      "[[ 2.11515912e-03+0.00000000e+00j  1.51938548e-03-1.31555514e-03j\n",
      "   9.95531622e-04+8.16565746e-05j ...  4.87929285e-05-1.75836135e-04j\n",
      "  -3.40845068e-04+2.83449717e-04j -3.93381421e-04-2.49816807e-04j]\n",
      " [ 1.51938548e-03+1.31555514e-03j  1.91715601e-03+0.00000000e+00j\n",
      "   6.47604993e-04+7.21255739e-04j ...  1.56225025e-04-8.20027509e-05j\n",
      "  -4.24873209e-04+1.83903407e-06j -1.37600874e-04-4.21408474e-04j]\n",
      " [ 9.95531622e-04-8.16565746e-05j  6.47604993e-04-7.21255739e-04j\n",
      "   1.00518636e-03+0.00000000e+00j ...  4.14672003e-05-2.19840421e-04j\n",
      "  -1.08939219e-04+1.38791053e-04j -1.61728662e-04-8.45158921e-05j]\n",
      " ...\n",
      " [ 4.87929285e-05+1.75836135e-04j  1.56225025e-04+8.20027509e-05j\n",
      "   4.14672003e-05+2.19840421e-04j ...  1.00518636e-03+0.00000000e+00j\n",
      "  -8.30962736e-04-4.99102195e-04j  2.92820251e-04-9.54990736e-04j]\n",
      " [-3.40845068e-04-2.83449717e-04j -4.24873209e-04-1.83903407e-06j\n",
      "  -1.08939219e-04-1.38791053e-04j ... -8.30962736e-04+4.99102195e-04j\n",
      "   1.91715601e-03+0.00000000e+00j  5.69021346e-04+1.92754566e-03j]\n",
      " [-3.93381421e-04+2.49816807e-04j -1.37600874e-04+4.21408474e-04j\n",
      "  -1.61728662e-04+8.45158921e-05j ...  2.92820251e-04+9.54990736e-04j\n",
      "   5.69021346e-04-1.92754566e-03j  2.11515912e-03+0.00000000e+00j]]\n",
      "[[ 2.62680393e-03+0.00000000e+00j  1.87453393e-03-1.58588465e-03j\n",
      "   1.09912550e-03-1.68066047e-04j ...  2.74986541e-04-2.77499166e-05j\n",
      "   1.31299636e-05+1.15855170e-05j  3.85304338e-05+2.44687456e-05j]\n",
      " [ 1.87453393e-03+1.58588465e-03j  2.30650515e-03+0.00000000e+00j\n",
      "   8.51454608e-04+6.02649786e-04j ...  2.34991066e-04+1.40298730e-04j\n",
      "  -3.55277194e-05+1.53779259e-07j  1.72826400e-05-2.81611460e-06j]\n",
      " [ 1.09912550e-03+1.68066047e-04j  8.51454608e-04-6.02649786e-04j\n",
      "   1.14804539e-03+0.00000000e+00j ...  1.49874907e-05-7.94569257e-05j\n",
      "   9.54218593e-05+2.56513554e-04j -2.08151267e-04+1.81826032e-04j]\n",
      " ...\n",
      " [ 2.74986541e-04+2.77499166e-05j  2.34991066e-04-1.40298730e-04j\n",
      "   1.49874907e-05+7.94569257e-05j ...  1.14804539e-03+0.00000000e+00j\n",
      "  -7.53159641e-04-7.21742524e-04j  5.63151562e-04-9.58740512e-04j]\n",
      " [ 1.31299636e-05-1.15855170e-05j -3.55277194e-05-1.53779259e-07j\n",
      "   9.54218593e-05-2.56513554e-04j ... -7.53159641e-04+7.21742524e-04j\n",
      "   2.30650515e-03+0.00000000e+00j  7.22091578e-04+2.34680449e-03j]\n",
      " [ 3.85304338e-05-2.44687456e-05j  1.72826400e-05+2.81611460e-06j\n",
      "  -2.08151267e-04-1.81826032e-04j ...  5.63151562e-04+9.58740512e-04j\n",
      "   7.22091578e-04-2.34680449e-03j  2.62680393e-03+0.00000000e+00j]]\n",
      "[[ 2.67599192e-03+0.00000000e+00j  1.91074928e-03-1.61073381e-03j\n",
      "   1.08978476e-03-1.85051672e-04j ...  2.56563894e-04-2.17194207e-05j\n",
      "  -2.29774942e-05+3.65911972e-05j -2.99226692e-06-1.90023861e-06j]\n",
      " [ 1.91074928e-03+1.61073381e-03j  2.34572270e-03+0.00000000e+00j\n",
      "   8.53158285e-04+5.85425054e-04j ...  2.18380598e-04+1.35431877e-04j\n",
      "  -7.47449069e-05+3.23528122e-07j  3.22444799e-08-4.32074058e-05j]\n",
      " [ 1.08978476e-03+1.85051672e-04j  8.53158285e-04-5.85425054e-04j\n",
      "   1.15568467e-03+0.00000000e+00j ...  1.64034735e-05-8.69638288e-05j\n",
      "   9.36436431e-05+2.39296358e-04j -1.91160406e-04+1.72494824e-04j]\n",
      " ...\n",
      " [ 2.56563894e-04+2.17194207e-05j  2.18380598e-04-1.35431877e-04j\n",
      "   1.64034735e-05+8.69638288e-05j ...  1.15568467e-03+0.00000000e+00j\n",
      "  -7.36570395e-04-7.26681228e-04j  5.75470424e-04-9.43773667e-04j]\n",
      " [-2.29774942e-05-3.65911972e-05j -7.47449069e-05-3.23528122e-07j\n",
      "   9.36436431e-05-2.39296358e-04j ... -7.36570395e-04+7.26681228e-04j\n",
      "   2.34572270e-03+0.00000000e+00j  7.39166983e-04+2.38727007e-03j]\n",
      " [-2.99226692e-06+1.90023861e-06j  3.22444799e-08+4.32074058e-05j\n",
      "  -1.91160406e-04-1.72494824e-04j ...  5.75470424e-04+9.43773667e-04j\n",
      "   7.39166983e-04-2.38727007e-03j  2.67599192e-03+0.00000000e+00j]]\n",
      "[[ 3.20460231e-03+0.00000000e+00j  2.35345419e-03-1.95557476e-03j\n",
      "   1.18296757e-03+2.23095974e-04j ... -1.61783125e-04-5.80374637e-06j\n",
      "   4.18230657e-04-3.10162719e-04j  4.43241311e-04+2.81480322e-04j]\n",
      " [ 2.35345419e-03+1.95557476e-03j  2.94144105e-03+0.00000000e+00j\n",
      "   6.64941152e-04+9.88031995e-04j ... -1.42362693e-04-1.24149163e-04j\n",
      "   5.20967861e-04-2.25497309e-06j  1.88883190e-04+4.85222562e-04j]\n",
      " [ 1.18296757e-03-2.23095974e-04j  6.64941152e-04-9.88031995e-04j\n",
      "   1.48724746e-03+0.00000000e+00j ... -4.50535223e-05+2.38853485e-04j\n",
      "  -9.63143667e-05-1.62492134e-04j  1.06303303e-04-1.22094516e-04j]\n",
      " ...\n",
      " [-1.61783125e-04+5.80374637e-06j -1.42362693e-04+1.24149163e-04j\n",
      "  -4.50535223e-05-2.38853485e-04j ...  1.48724746e-03+0.00000000e+00j\n",
      "  -1.09618674e-03-4.65541183e-04j  2.30849325e-04-1.18147902e-03j]\n",
      " [ 4.18230657e-04+3.10162719e-04j  5.20967861e-04+2.25497309e-06j\n",
      "  -9.63143667e-05+1.62492134e-04j ... -1.09618674e-03+4.65541183e-04j\n",
      "   2.94144105e-03+0.00000000e+00j  9.25728909e-04+2.91651251e-03j]\n",
      " [ 4.43241311e-04-2.81480322e-04j  1.88883190e-04-4.85222562e-04j\n",
      "   1.06303303e-04+1.22094516e-04j ...  2.30849325e-04+1.18147902e-03j\n",
      "   9.25728909e-04-2.91651251e-03j  3.20460231e-03+0.00000000e+00j]]\n",
      "[[ 3.81136173e-03+0.00000000e+00j  2.86880903e-03-2.30975351e-03j\n",
      "   9.75202006e-04+5.51045234e-04j ...  1.21972779e-04+2.59148767e-04j\n",
      "  -9.55863363e-05+4.62433731e-05j -6.89628147e-05-4.37948241e-05j]\n",
      " [ 2.86880903e-03+2.30975351e-03j  3.58590275e-03+0.00000000e+00j\n",
      "   2.97043027e-04+1.14530041e-03j ... -5.60114505e-05+2.66524419e-04j\n",
      "  -1.23487803e-04+5.34508351e-07j -5.62903146e-05-9.00366465e-05j]\n",
      " [ 9.75202006e-04-5.51045234e-04j  2.97043027e-04-1.14530041e-03j\n",
      "   1.73564451e-03+0.00000000e+00j ...  9.88243508e-07-5.23922201e-06j\n",
