{
 "cells": [
  {
   "cell_type": "code",
   "execution_count": 1,
   "metadata": {},
   "outputs": [],
   "source": [
    "## Libraries\n",
    "import numpy as np\n",
    "import matplotlib.pyplot as plt\n",
    "from scipy.linalg import logm, expm\n",
    "\n",
    "## Plot settings\n",
    "plt.rc('xtick', direction='in', labelsize=14)\n",
    "plt.rc('ytick', direction='in', labelsize=14)\n",
    "plt.rc('axes', labelsize=20, titlesize=22)\n",
    "plt.rc('legend', fontsize=14)"
   ]
  },
  {
   "cell_type": "code",
   "execution_count": 2,
   "metadata": {},
   "outputs": [],
   "source": [
    "## Read coordinates and indices\n",
    "\n",
    "grid_coordinates = []\n",
    "with open('../../Grids/AB_grid.txt', 'r') as reader:\n",
    "    line = reader.readline()\n",
    "\n",
    "    while line != '':\n",
    "        elements = line.split(',')\n",
    "        point = (float(elements[0]),float(elements[1]))\n",
    "        grid_coordinates.append(point)\n",
    "        line = reader.readline()\n",
    "\n",
    "jump_coordinates = []\n",
    "with open('../../Grids/AB_jump_coordinates.txt', 'r') as reader:\n",
    "    line = reader.readline()\n",
    "\n",
    "    while line != '':\n",
    "        elements = line.split(' ')\n",
    "        data_block = []\n",
    "        for ele in elements:\n",
    "            temp = ele.replace('(', '').replace(')', '')\n",
    "            if temp != 'stop':\n",
    "                x = temp.split(',')[0]\n",
    "                y = temp.split(',')[1]\n",
    "                point = (float(x),float(y))\n",
    "                data_block.append(point)\n",
    "            else:\n",
    "                break\n",
    "        line = reader.readline()\n",
    "        jump_coordinates.append(data_block)\n",
    "\n",
    "jump_indices = []\n",
    "with open('../../Grids/AB_jump_indices.txt', 'r') as reader:\n",
    "    line = reader.readline()\n",
    "\n",
    "    while line != '':\n",
    "        elements = line.split(' ')\n",
    "        data_block = []\n",
    "        for ele in elements:\n",
    "            if ele != 'stop':\n",
    "                data_block.append(int(ele))\n",
    "            else:\n",
    "                break\n",
    "        line = reader.readline()\n",
    "        jump_indices.append(data_block)\n",
    "\n",
    "\n",
    "# For drawing vertices use grid_coordinates\n",
    "# For drawing lines use jump_coordinates\n",
    "# For indices use jump_indices"
   ]
  },
  {
   "cell_type": "code",
   "execution_count": 3,
   "metadata": {},
   "outputs": [],
   "source": [
    "## We now want to scale down the plot so it will fit inside a unit square in the 1st quadrant\n",
    "\n",
    "# Compare x and y components seperatly to for the maximal distances along each axis\n",
    "xs = [x for x,y in grid_coordinates]\n",
    "ys = [y for x,y in grid_coordinates]\n",
    "\n",
    "xs_length = abs(max(xs)) + abs(min(xs))\n",
    "ys_length = abs(max(ys)) + abs(min(ys))\n",
    "\n",
    "# We can now scale all xs and ys to fit inside a unit square\n",
    "xs_scaled = [i/xs_length for i in xs]\n",
    "ys_scaled = [i/ys_length for i in ys]\n",
    "grid_scaled = [(x,y) for x, y in zip(xs_scaled, ys_scaled)]\n",
    "\n",
    "# Same thing for all jump coodinates\n",
    "jump_scaled = []\n",
    "for i in jump_coordinates:\n",
    "    xs_temp = [j[0]/xs_length for j in i]\n",
    "    ys_temp = [j[1]/ys_length for j in i]\n",
    "    jump_temp = [(x,y) for x, y in zip(xs_temp, ys_temp)]\n",
    "    jump_scaled.append(jump_temp)\n",
    "\n",
    "\n",
    "# The new vertices are stored in grid_scaled\n",
    "# The new jumps are stored in jump_scaled\n",
    "\n",
    "\n",
    "## Now we want to move the grid so it lies in the first quadrant \n",
    "\n",
    "# We check how much it should be moved along postive x axis and y axis\n",
    "x_move = min(xs_scaled)\n",
    "y_move = min(ys_scaled)\n",
    "\n",
    "# Add the absolute to every coordinate\n",
    "xs_final = [x + abs(x_move) for x in xs_scaled]\n",
    "ys_final = [y + abs(y_move) for y in ys_scaled]\n",
    "grid_final = [(x,y) for x, y in zip(xs_final, ys_final)]\n",
    "\n",
    "jump_final = []\n",
    "for i in jump_scaled:\n",
    "    xs_temp = [j[0] + abs(x_move) for j in i]\n",
    "    ys_temp = [j[1] + abs(y_move) for j in i]\n",
    "    jump_temp = [(x,y) for x, y in zip(xs_temp, ys_temp)]\n",
    "    jump_final.append(jump_temp)\n",
    "\n",
    "\n",
    "# The new vertices are stored in grid_final\n",
    "# The new jumps are stored in jump_final"
   ]
  },
  {
   "cell_type": "code",
   "execution_count": 4,
   "metadata": {},
   "outputs": [],
   "source": [
    "## DEFINITION OF USEFUL FUNCTIONS\n",
    "\n",
    "def Hamil_solve(z, w, B):\n",
    "    # Define now a skeleton of the Hamiltonian \n",
    "    dim_H = len(z)\n",
    "    H = np.zeros((dim_H, dim_H), dtype= np.complex128)\n",
    "    k_H = [x for x in range(0, dim_H)]\n",
    "    # Calculate Peierls phase factor according to the 1st artcle \n",
    "    \n",
    "    # Start by finding the tile length\n",
    "    tile_lens = [np.linalg.norm(np.array(z[0]) - np.array(x)) for x in w[0]]\n",
    "    tile_lens_sum = np.sum(tile_lens)\n",
    "    l  = tile_lens_sum/len(tile_lens)\n",
    "    phi = B * l**2\n",
    "    phi_0 = 2 * np.pi\n",
    "    jump_products = []\n",
    "    for i, j in zip(z, w):\n",
    "        products = [i[0]*k[1] - k[0]*i[1] for k in j]\n",
    "        jump_products.append(products)\n",
    "    phase_factors = []\n",
    "    for i, j in zip(z, jump_products):\n",
    "        phases = [(phi/(2 * l**2)) * k for k in j]\n",
    "        phase_factors.append(phases)\n",
    "\n",
    "    # Scaling via J, maybe energy factor\n",
    "    J = 1\n",
    "    # Fill out the Hamiltonian according to the psi vector, i.e. the basis chosen through generation of the tiling\n",
    "    for x, y, z in zip(k_H, jump_indices, phase_factors):\n",
    "        for k, t in zip(y, z):\n",
    "            H[x, k] = -J * np.exp(1j * t)\n",
    "\n",
    "    # Now we find the eigenvalues and eigenvectors\n",
    "    # Note that eigh returns normalized eigenvectors!\n",
    "    # Note the eigenvectors are arranged in a matrix so eig_vecs[:,i] chooses the i'th column which is the i'th eigenvector\n",
    "    eig_vals, U = np.linalg.eigh(H)\n",
    "    eig_vecs = np.array([U[:,i] for i in range(len(U))])\n",
    "    return eig_vals, eig_vecs"
   ]
  },
  {
   "cell_type": "code",
   "execution_count": 5,
   "metadata": {},
   "outputs": [],
   "source": [
    "# We want to know when phi/phi0 = 1, this happens when phi = 2pi\n",
    "# phi in this case is phi = B*l*2 so B must be equal to\n",
    "B_full = (2*np.pi)/(0.03825242185233838**2)\n",
    "\n",
    "# Take field strength of B= 2pi so that phi/phi0= 0.5\n",
    "evals, evecs = Hamil_solve(grid_final, jump_final, (0.25)*B_full)"
   ]
  },
  {
   "cell_type": "code",
   "execution_count": 6,
   "metadata": {},
   "outputs": [],
   "source": [
    "# Now we must construct first construct diagonal matrices X and Y with Xij = xij * delta_ij and so on\n",
    "xs = [x for (x,y) in grid_final]\n",
    "X = np.diag(xs)\n",
    "ys = [y for (x,y) in grid_final]\n",
    "Y = np.diag(ys)\n",
    "# With these we now define to unitary matrices from X and Y by exponentiating every entry as exp(i*2*pi xij)\n",
    "# dtype should be all right after the exponentiation. This was checked by checking some entries and seeing them as complex\n",
    "Ux = expm(1j*2*np.pi*X)\n",
    "Uy = expm(1j*2*np.pi*Y)\n",
    "\n",
    "# For use in the approximation function we define the adjoints of Ux and Uy\n",
    "# d denotes dagger\n",
    "Uxd = Ux.T.conj()\n",
    "Uyd = Uy.T.conj()\n",
    "\n",
    "# Now we can define the function that will be called to calculate the projection operator and calculate the corresponding Bott index\n",
    "# It is done this way because the projector must be built recursively to minimise calculations and save time\n",
    "\n",
    "def bott_index(ns, evec):\n",
    "    # Set dimensions for later\n",
    "    dim = range(len(grid_final))\n",
    "    dims = len(grid_final)\n",
    "    # Because the projection relies on inner products of eigenvectors we will be calculating these here \n",
    "    # Note np.vdot does complex conjugation of the first entry\n",
    "    #dot_ps = [[np.vdot(i,m) for m in evec] for i in evec]\n",
    "    dot_ps = [[m[i] for m in evec] for i in np.arange(0,dims)]\n",
    "\n",
    "    # We create a matrix of zeroes with dimensions dim X dim, so that we need only fill it out with projections\n",
    "    # We make sure to set dtype correctly to complex numbers\n",
    "    P = np.zeros([dims,dims], dtype= np.complex128)\n",
    "\n",
    "    # We also initialise the identity matrix of dimensions dim X dim for later use\n",
    "    iden = np.identity(n= dims, dtype= np.complex128)\n",
    "\n",
    "    # Now we iteratively put the dot products on the entries they belong to. To this end we loop of ns which indicate which eigenstate we are calculating the index of\n",
    "    # Therefore we let the outer loop be the ns meaning we calculate the bott index inside each ns we loop through\n",
    "    # Define now an empty list for indices\n",
    "    indices = []\n",
    "    for n in ns:\n",
    "        # We now loop over the dimensions for both i and j but as a nested for loop\n",
    "        # This is done so we can hit every entry first along the i'th row\n",
    "        for i in dim:\n",
    "            for j in dim:\n",
    "                # Now we simply set the condition that we always add the product of two projections corresponding to the current n up to which we have be doing the sum\n",
    "                P[i][j] += dot_ps[i][n] * (dot_ps[j][n]).conj()\n",
    "        print(P)\n",
    "        # With the matrix modified for the n'th entry we now find that we can calculate the Bott index \n",
    "        # To this end we firstly define the matrices Vx and Vy\n",
    "        # We write out some matrix multiplication explicitly for readability\n",
    "        # Note again we are explicit in the dtype to root out possible errors\n",
    "        # First Ux\n",
    "        Ux_P = np.matmul(Ux, P, dtype= np.complex128)\n",
    "        P_Ux_P = np.matmul(P, Ux_P, dtype= np.complex128)\n",
    "        Vx = iden - P + P_Ux_P\n",
    "        # Repeat for Uy\n",
    "        Uy_P = np.matmul(Uy, P, dtype= np.complex128)\n",
    "        P_Uy_P = np.matmul(P, Uy_P, dtype= np.complex128)\n",
    "        Vy = iden - P + P_Uy_P\n",
    "\n",
    "        # Now we can calculate further producs of Vx and Vy and their adjoints\n",
    "        # Again we do it rather explicitly and with dtype specified each time\n",
    "        # Vxd denotes Vx dagger (adjoint) and so on\n",
    "        Vxd = Vx.T.conj()\n",
    "        Vyd = Vy.T.conj() \n",
    "        Vxd_Vyd = np.matmul(Vxd,Vyd, dtype= np.complex128)\n",
    "        Vy_Vxd_Vyd = np.matmul(Vy, Vxd_Vyd, dtype= np.complex128)\n",
    "        Vx_Vy_Vxd_Vyd = np.matmul(Vx, Vy_Vxd_Vyd, dtype= np.complex128)\n",
    "\n",
    "        # Now we can calculate the n'th index by first calculating the matrix logarithm of the above matrix\n",
    "        log_Vs = logm(Vx_Vy_Vxd_Vyd)\n",
    "        tr = np.trace(log_Vs)\n",
    "        Bn = (1/(2*np.pi)) * (tr.imag)\n",
    "        \n",
    "        # Save the indices\n",
    "        indices.append(Bn)\n",
    "    \n",
    "    return indices\n",
    "\n",
    "\n",
    "# To test an idea to find non-zero Bott indices we construct a function that will function much like the previous one, but calculatios might run slightly faster\n",
    "def bott_approx(ns, evec):\n",
    "    # Set dimensions for later\n",
    "    dim = range(len(grid_final))\n",
    "    dims = len(grid_final)\n",
    "    # Because the projection relies on inner products of eigenvectors we will be calculating these here \n",
    "    # Note np.vdot does complex conjugation of the first entry\n",
    "    \n",
    "    ## TEMP COMMENT OUT\n",
    "    #dot_ps = [[np.vdot(i,m) for m in evec] for i in evec]\n",
    "    dot_ps = [[m[i] for m in evec] for i in np.arange(0,dims)]\n",
    "\n",
    "    # We create a matrix of zeroes with dimensions dim X dim, so that we need only fill it out with projections\n",
    "    # We make sure to set dtype correctly to complex numbers\n",
    "    P = np.zeros([dims,dims], dtype= np.complex128)\n",
    "\n",
    "    # Now we iteratively put the dot products on the entries they belong to. To this end we loop of ns which indicate which eigenstate we are calculating the index of\n",
    "    # Therefore we let the outer loop be the ns meaning we calculate the bott index inside each ns we loop through\n",
    "    # Define now an empty list for indices\n",
    "    indices = []\n",
    "    for n in ns:\n",
    "        # We now loop over the dimensions for both i and j but as a nested for loop\n",
    "        # This is done so we can hit every entry first along the i'th row\n",
    "        for i in dim:\n",
    "            for j in dim:\n",
    "                # Now we simply set the condition that we always add the product of two projections corresponding to the current n up to which we have be doing the sum\n",
    "                P[i][j] += dot_ps[i][n] * (dot_ps[j][n]).conj()\n",
    "\n",
    "        # With the matrix modified for the n'th entry we now find that we can calculate the Bott index \n",
    "        # This uses eqn. 13 of the first article, we omit the correction term\n",
    "        # Define matrix multiplication in explicit terms for readability\n",
    "        Uyd_P = np.matmul(Uyd, P, dtype= np.complex128)\n",
    "        P_Uyd_P = np.matmul(P, Uyd_P, dtype= np.complex128)\n",
    "        Uxd_P_Uyd_P = np.matmul(Uxd, P_Uyd_P, dtype= np.complex128)\n",
    "        P_Uxd_P_Uyd_P = np.matmul(P, Uxd_P_Uyd_P, dtype= np.complex128)\n",
    "        Uy_P_Uxd_P_Uyd_P = np.matmul(Uy, P_Uxd_P_Uyd_P, dtype= np.complex128)\n",
    "        P_Uy_P_Uxd_P_Uyd_P = np.matmul(P, Uy_P_Uxd_P_Uyd_P, dtype= np.complex128)\n",
    "        Ux_P_Uy_P_Uxd_P_Uyd_P = np.matmul(Ux, P_Uy_P_Uxd_P_Uyd_P, dtype= np.complex128)\n",
    "        P_Ux_P_Uy_P_Uxd_P_Uyd_P = np.matmul(P, Ux_P_Uy_P_Uxd_P_Uyd_P, dtype= np.complex128)\n",
    "        # Now we can calculate the n'th index by first calculating the matrix logarithm of the above matrix\n",
    "        tr = np.trace(P_Ux_P_Uy_P_Uxd_P_Uyd_P)\n",
    "        Bn = (1/(2*np.pi)) * (tr.imag)\n",
    "        \n",
    "        # Save the indices\n",
    "        indices.append(Bn)\n",
    "    \n",
    "    return indices"
   ]
  },
  {
   "cell_type": "code",
   "execution_count": 7,
   "metadata": {},
   "outputs": [
    {
     "name": "stdout",
     "output_type": "stream",
     "text": [
      "[[ 6.71825352e-07+0.00000000e+00j  1.78329063e-07+2.97865642e-07j\n",
      "  -4.51871440e-06+4.38203553e-06j ...  4.34604871e-06+4.55333679e-06j\n",
      "   1.86443685e-08-3.46666385e-07j  4.35272724e-07-5.11748922e-07j]\n",
      " [ 1.78329063e-07-2.97865642e-07j  1.79399594e-07+0.00000000e+00j\n",
      "   7.43407075e-07+3.16661771e-06j ...  3.17241583e-06-7.18261527e-07j\n",
      "  -1.48751714e-07-1.00285302e-07j -1.11354303e-07-3.28824291e-07j]\n",
      " [-4.51871440e-06-4.38203553e-06j  7.43407075e-07-3.16661771e-06j\n",
      "   5.89751714e-05+0.00000000e+00j ...  4.67875626e-07-5.89733154e-05j\n",
      "  -2.38656221e-06+2.21007751e-06j -6.26557940e-06+6.02934495e-07j]\n",
      " ...\n",
      " [ 4.34604871e-06-4.55333679e-06j  3.17241583e-06+7.18261527e-07j\n",
      "   4.67875626e-07+5.89733154e-05j ...  5.89751714e-05+0.00000000e+00j\n",
      "  -2.22894160e-06-2.36895360e-06j -6.52623081e-07-6.26059888e-06j]\n",
      " [ 1.86443685e-08+3.46666385e-07j -1.48751714e-07+1.00285302e-07j\n",
      "  -2.38656221e-06-2.21007751e-06j ... -2.22894160e-06+2.36895360e-06j\n",
      "   1.79399594e-07+0.00000000e+00j  2.76145480e-07+2.10401686e-07j]\n",
      " [ 4.35272724e-07+5.11748922e-07j -1.11354303e-07+3.28824291e-07j\n",
      "  -6.26557940e-06-6.02934495e-07j ... -6.52623081e-07+6.26059888e-06j\n",
      "   2.76145480e-07-2.10401686e-07j  6.71825352e-07+0.00000000e+00j]]\n",
      "[[ 2.03064232e-06+0.00000000e+00j  3.55543059e-07+9.83797181e-07j\n",
      "  -1.62531977e-05+8.77406706e-06j ...  4.72501471e-08-7.21562113e-06j\n",
      "  -2.17855421e-07+3.21147007e-07j -4.45098879e-07+5.23301504e-07j]\n",
      " [ 3.55543059e-07-9.83797181e-07j  5.48770076e-07+0.00000000e+00j\n",
      "   1.43012081e-06+9.66299058e-06j ... -3.32920060e-06-8.31079512e-08j\n",
      "   1.57517053e-07+1.06194711e-07j  2.96323535e-07+2.50576829e-07j]\n",
      " [-1.62531977e-05-8.77406706e-06j  1.43012081e-06-9.66299058e-06j\n",
      "   1.74508053e-04+0.00000000e+00j ... -4.48696857e-07+5.65559303e-05j\n",
      "   1.81434230e-06-2.79260552e-06j  4.68267954e-06-5.48998480e-06j]\n",
      " ...\n",
      " [ 4.72501471e-08+7.21562113e-06j -3.32920060e-06+8.31079512e-08j\n",
      "  -4.48696857e-07-5.65559303e-05j ...  1.74508053e-04+0.00000000e+00j\n",
      "  -7.26479479e-06-6.53003744e-06j -6.83220792e-06-1.71601755e-05j]\n",
      " [-2.17855421e-07-3.21147007e-07j  1.57517053e-07-1.06194711e-07j\n",
      "   1.81434230e-06+2.79260552e-06j ... -7.26479479e-06+6.53003744e-06j\n",
      "   5.48770076e-07+0.00000000e+00j  9.38065560e-07+4.62926307e-07j]\n",
      " [-4.45098879e-07-5.23301504e-07j  2.96323535e-07-2.50576829e-07j\n",
      "   4.68267954e-06+5.48998480e-06j ... -6.83220792e-06+1.71601755e-05j\n",
      "   9.38065560e-07-4.62926307e-07j  2.03064232e-06+0.00000000e+00j]]\n",
      "[[ 2.43554945e-06+0.00000000e+00j  4.92179460e-07+1.11687455e-06j\n",
      "  -1.73825530e-05+1.22666186e-05j ... -3.43623178e-06-8.37264875e-06j\n",
      "  -1.78952353e-07+5.07870448e-07j -7.07436448e-07+8.31731049e-07j]\n",
      " [ 4.92179460e-07-1.11687455e-06j  6.38615597e-07+0.00000000e+00j\n",
      "   2.19688559e-06+1.12127318e-05j ... -4.88497617e-06+6.71337933e-07j\n",
      "   2.32013739e-07+1.56418822e-07j  3.09166310e-07+4.40877000e-07j]\n",
      " [-1.73825530e-05-1.22666186e-05j  2.19688559e-06-1.12127318e-05j\n",
      "   2.07783237e-04+0.00000000e+00j ... -7.12683330e-07+8.98300670e-05j\n",
      "   3.31642957e-06-3.64896995e-06j  8.07476200e-06-4.08743863e-06j]\n",
      " ...\n",
      " [-3.43623178e-06+8.37264875e-06j -4.88497617e-06-6.71337933e-07j\n",
      "  -7.12683330e-07-8.98300670e-05j ...  2.07783237e-04+0.00000000e+00j\n",
      "  -8.13304899e-06-8.02528354e-06j -5.45661675e-06-2.05632782e-05j]\n",
      " [-1.78952353e-07-5.07870448e-07j  2.32013739e-07-1.56418822e-07j\n",
      "   3.31642957e-06+3.64896995e-06j ... -8.13304899e-06+8.02528354e-06j\n",
      "   6.38615597e-07+0.00000000e+00j  1.05509311e-06+6.13537211e-07j]\n",
      " [-7.07436448e-07-8.31731049e-07j  3.09166310e-07-4.40877000e-07j\n",
      "   8.07476200e-06+4.08743863e-06j ... -5.45661675e-06+2.05632782e-05j\n",
      "   1.05509311e-06-6.13537211e-07j  2.43554945e-06+0.00000000e+00j]]\n",
      "[[ 6.03885682e-06+0.00000000e+00j  4.59090967e-07+3.32335116e-06j\n",
      "  -6.08899339e-05+1.35176071e-05j ... -2.53044556e-06+3.51432877e-05j\n",
      "   1.08191530e-06-1.30316424e-06j  1.62713073e-06-1.91301304e-06j]\n",
      " [ 4.59090967e-07-3.32335116e-06j  1.99005009e-06+0.00000000e+00j\n",
      "   3.36244549e-06+3.78428844e-05j ...  2.17535852e-05-2.82916726e-07j\n",
      "  -8.88547311e-07-5.99040061e-07j -1.39300903e-06-9.63485134e-07j]\n",
      " [-6.08899339e-05-1.35176071e-05j  3.36244549e-06-3.78428844e-05j\n",
      "   7.33538321e-04+0.00000000e+00j ...  3.45835989e-06-4.35908471e-04j\n",
      "  -1.25364042e-05+1.77802442e-05j -2.10663953e-05+2.82428896e-05j]\n",
      " ...\n",
      " [-2.53044556e-06-3.51432877e-05j  2.17535852e-05+2.82916726e-07j\n",
      "   3.45835989e-06+4.35908471e-04j ...  7.33538321e-04+0.00000000e+00j\n",
      "  -2.96873561e-05-2.37076111e-05j -3.80171170e-05-4.94470280e-05j]\n",
      " [ 1.08191530e-06+1.30316424e-06j -8.88547311e-07+5.99040061e-07j\n",
      "  -1.25364042e-05-1.77802442e-05j ... -2.96873561e-05+2.37076111e-05j\n",
      "   1.99005009e-06+0.00000000e+00j  3.25152161e-06+8.26459132e-07j]\n",
      " [ 1.62713073e-06+1.91301304e-06j -1.39300903e-06+9.63485134e-07j\n",
      "  -2.10663953e-05-2.82428896e-05j ... -3.80171170e-05+4.94470280e-05j\n",
      "   3.25152161e-06-8.26459132e-07j  6.03885682e-06+0.00000000e+00j]]\n",
      "[[ 6.44963667e-06+0.00000000e+00j  4.05733149e-07+3.45978747e-06j\n",
      "  -6.20890403e-05+1.13117364e-05j ... -4.74575980e-06+3.63248562e-05j\n",
      "   1.20242629e-06-1.38646505e-06j  1.89327321e-06-2.22591600e-06j]\n",
      " [ 4.05733149e-07-3.45978747e-06j  2.04229687e-06+0.00000000e+00j\n",
      "   2.78554487e-06+3.85276846e-05j ...  2.24337870e-05+2.99398554e-07j\n",
      "  -9.31868467e-07-6.28246280e-07j -1.53150683e-06-1.01123742e-06j]\n",
      " [-6.20890403e-05-1.13117364e-05j  2.78554487e-06-3.85276846e-05j\n",
      "   7.48884062e-04+0.00000000e+00j ...  3.58010432e-06-4.51253730e-04j\n",
      "  -1.24408657e-05+1.86705463e-05j -2.01630153e-05+3.05854578e-05j]\n",
      " ...\n",
      " [-4.74575980e-06-3.63248562e-05j  2.24337870e-05-2.99398554e-07j\n",
      "   3.58010432e-06+4.51253730e-04j ...  7.48884062e-04+0.00000000e+00j\n",
      "  -3.05768723e-05-2.36050125e-05j -4.03524446e-05-4.85250918e-05j]\n",
      " [ 1.20242629e-06+1.38646505e-06j -9.31868467e-07+6.28246280e-07j\n",
      "  -1.24408657e-05-1.86705463e-05j ... -3.05768723e-05+2.36050125e-05j\n",
      "   2.04229687e-06+0.00000000e+00j  3.39305280e-06+7.88632628e-07j]\n",
      " [ 1.89327321e-06+2.22591600e-06j -1.53150683e-06+1.01123742e-06j\n",
      "  -2.01630153e-05-3.05854578e-05j ... -4.03524446e-05+4.85250918e-05j\n",
      "   3.39305280e-06-7.88632628e-07j  6.44963667e-06+0.00000000e+00j]]\n",
      "[[ 9.19949123e-06+0.00000000e+00j -3.32433569e-07+5.87362148e-06j\n",
      "  -1.17971908e-04-6.94223030e-06j ... -2.34424951e-05+9.20611484e-05j\n",
      "   3.16383339e-06-2.97529068e-06j  3.67489202e-06-4.32056025e-06j]\n",
      " [-3.32433569e-07-5.87362148e-06j  4.35932294e-06+0.00000000e+00j\n",
      "   1.76324614e-06+9.24819695e-05j ...  7.63782637e-05+1.74970786e-06j\n",
      "  -2.85306345e-06-1.92347586e-06j -3.84844945e-06-2.01286691e-06j]\n",
      " [-1.17971908e-04+6.94223030e-06j  1.76324614e-06-9.24819695e-05j\n",
      "   2.00571496e-03+0.00000000e+00j ...  1.35510892e-05-1.70804507e-03j\n",
      "  -4.17539370e-05+6.39789761e-05j -4.24647044e-05+8.49797299e-05j]\n",
      " ...\n",
      " [-2.34424951e-05-9.20611484e-05j  7.63782637e-05-1.74970786e-06j\n",
      "   1.35510892e-05+1.70804507e-03j ...  2.00571496e-03+0.00000000e+00j\n",
      "  -7.61164295e-05-5.25577099e-05j -9.49219339e-05-7.03945457e-05j]\n",
      " [ 3.16383339e-06+2.97529068e-06j -2.85306345e-06+1.92347586e-06j\n",
      "  -4.17539370e-05-6.39789761e-05j ... -7.61164295e-05+5.25577099e-05j\n",
      "   4.35932294e-06+0.00000000e+00j  5.87409466e-06+3.23964976e-07j]\n",
      " [ 3.67489202e-06+4.32056025e-06j -3.84844945e-06+2.01286691e-06j\n",
      "  -4.24647044e-05-8.49797299e-05j ... -9.49219339e-05+7.03945457e-05j\n",
      "   5.87409466e-06-3.23964976e-07j  9.19949123e-06+0.00000000e+00j]]\n",
      "[[ 2.15714908e-05+0.00000000e+00j -2.41077508e-06+1.62741782e-05j\n",
      "  -3.59681382e-04-4.97665248e-05j ...  2.12980378e-05-1.49300976e-04j\n",
      "  -4.37341800e-06+4.48667457e-06j -4.34087268e-06+5.10355184e-06j]\n",
      " [-2.41077508e-06-1.62741782e-05j  1.34517161e-05+0.00000000e+00j\n",
      "   6.36705568e-06+3.02869676e-04j ... -1.34039346e-04+4.68427553e-06j\n",
      "   4.68602311e-06+3.15921902e-06j  5.42050572e-06+3.14247537e-06j]\n",
      " [-3.59681382e-04+4.97665248e-05j  6.36705568e-06-3.02869676e-04j\n",
      "   6.87617992e-03+0.00000000e+00j ... -2.50884229e-05+3.16226661e-03j\n",
      "   7.96711950e-05-1.07893417e-04j  8.15173017e-05-1.26883085e-04j]\n",
      " ...\n",
      " [ 2.12980378e-05+1.49300976e-04j -1.34039346e-04-4.68427553e-06j\n",
      "  -2.50884229e-05-3.16226661e-03j ...  6.87617992e-03+0.00000000e+00j\n",
      "  -2.48946732e-04-1.72615482e-04j -3.07761685e-04-1.92691850e-04j]\n",
      " [-4.37341800e-06-4.48667457e-06j  4.68602311e-06-3.15921902e-06j\n",
      "   7.96711950e-05+1.07893417e-04j ... -2.48946732e-04+1.72615482e-04j\n",
      "   1.34517161e-05+0.00000000e+00j  1.64414431e-05-5.82803919e-07j]\n",
      " [-4.34087268e-06-5.10355184e-06j  5.42050572e-06-3.14247537e-06j\n",
      "   8.15173017e-05+1.26883085e-04j ... -3.07761685e-04+1.92691850e-04j\n",
      "   1.64414431e-05+5.82803919e-07j  2.15714908e-05+0.00000000e+00j]]\n",
      "[[ 2.96785288e-05+0.00000000e+00j -2.10720962e-06+2.56537580e-05j\n",
      "  -6.06271835e-04-3.58520958e-05j ...  3.32557198e-05+9.73921058e-05j\n",
      "   6.18110107e-07-3.46023153e-06j  9.11642004e-07-1.07181495e-06j]\n",
      " [-2.10720962e-06-2.56537580e-05j  2.43149524e-05+0.00000000e+00j\n",
      "   1.32320974e-05+5.88687846e-04j ...  1.51824292e-04+8.69694323e-08j\n",
      "  -4.32138309e-06-2.91338633e-06j -1.52751445e-06-3.16574825e-06j]\n",
      " [-6.06271835e-04+3.58520958e-05j  1.32320974e-05-5.88687846e-04j\n",
      "   1.44005634e-02+0.00000000e+00j ...  3.46057755e-05-4.36188003e-03j\n",
      "  -8.57948892e-05+1.25259172e-04j -8.88466058e-05+5.19369408e-05j]\n",
      " ...\n",
      " [ 3.32557198e-05-9.73921058e-05j  1.51824292e-04-8.69694323e-08j\n",
      "   3.46057755e-05+4.36188003e-03j ...  1.44005634e-02+0.00000000e+00j\n",
      "  -4.83404699e-04-3.36226659e-04j -4.87927654e-04-3.61631740e-04j]\n",
      " [ 6.18110107e-07+3.46023153e-06j -4.32138309e-06+2.91338633e-06j\n",
      "  -8.57948892e-05-1.25259172e-04j ... -4.83404699e-04+3.36226659e-04j\n",
      "   2.43149524e-05+0.00000000e+00j  2.57288221e-05+7.63769768e-07j]\n",
      " [ 9.11642004e-07+1.07181495e-06j -1.52751445e-06+3.16574825e-06j\n",
      "  -8.88466058e-05-5.19369408e-05j ... -4.87927654e-04+3.61631740e-04j\n",
      "   2.57288221e-05-7.63769768e-07j  2.96785288e-05+0.00000000e+00j]]\n",
      "[[ 3.51796173e-05+0.00000000e+00j -2.00720551e-06+3.32755426e-05j\n",
      "  -8.09906498e-04-3.00933123e-05j ...  2.91126397e-05-1.06281836e-04j\n",
      "  -3.55958712e-06+2.91538189e-06j -2.65248931e-06+3.11852424e-06j]\n",
      " [-2.00720551e-06-3.32755426e-05j  3.48767895e-05+0.00000000e+00j\n",
      "   1.75090515e-05+8.70929341e-04j ... -1.30442251e-04+2.12464477e-06j\n",
      "   4.43611375e-06+2.99073535e-06j  4.21342843e-06+1.84854887e-06j]\n",
      " [-8.09906498e-04+3.00933123e-05j  1.75090515e-05-8.70929341e-04j\n",
      "   2.19445685e-02+0.00000000e+00j ... -2.52440901e-05+3.18188769e-03j\n",
      "   7.55258655e-05-1.06374521e-04j  4.74740403e-05-9.94464178e-05j]\n",
      " ...\n",
      " [ 2.91126397e-05+1.06281836e-04j -1.30442251e-04-2.12464477e-06j\n",
      "  -2.52440901e-05-3.18188769e-03j ...  2.19445685e-02+0.00000000e+00j\n",
      "  -7.16310930e-04-4.95704686e-04j -6.40387739e-04-4.96747106e-04j]\n",
      " [-3.55958712e-06-2.91538189e-06j  4.43611375e-06-2.99073535e-06j\n",
      "   7.55258655e-05+1.06374521e-04j ... -7.16310930e-04+4.95704686e-04j\n",
      "   3.48767895e-05+0.00000000e+00j  3.32920243e-05+1.71222843e-06j]\n",
      " [-2.65248931e-06-3.11852424e-06j  4.21342843e-06-1.84854887e-06j\n",
      "   4.74740403e-05+9.94464178e-05j ... -6.40387739e-04+4.96747106e-04j\n",
      "   3.32920243e-05-1.71222843e-06j  3.51796173e-05+0.00000000e+00j]]\n",
      "[[ 4.66811196e-05+0.00000000e+00j -2.44102607e-06+4.47400527e-05j\n",
      "  -1.10343972e-03-3.05292167e-05j ...  3.18772569e-05-3.99802363e-04j\n",
      "  -1.03280161e-05+1.21788349e-05j -1.01042627e-05+1.18795533e-05j]\n",
      " [-2.44102607e-06-4.47400527e-05j  4.63207894e-05+0.00000000e+00j\n",
      "   2.81462112e-05+1.16353491e-03j ... -4.23123006e-04+1.04401027e-05j\n",
      "   1.39250684e-05+9.38799059e-06j  1.32273499e-05+8.94590137e-06j]\n",
      " [-1.10343972e-03+3.05292167e-05j  2.81462112e-05-1.16353491e-03j\n",
      "   2.94359327e-02+0.00000000e+00j ... -8.46763329e-05+1.06730161e-02j\n",
      "   2.47913849e-04-3.43046349e-04j  2.37320898e-04-3.23321636e-04j]\n",
      " ...\n",
      " [ 3.18772569e-05+3.99802363e-04j -4.23123006e-04-1.04401027e-05j\n",
      "  -8.46763329e-05-1.06730161e-02j ...  2.94359327e-02+0.00000000e+00j\n",
      "  -9.54342939e-04-6.66209624e-04j -8.65762050e-04-6.84811890e-04j]\n",
      " [-1.03280161e-05-1.21788349e-05j  1.39250684e-05-9.38799059e-06j\n",
      "   2.47913849e-04+3.43046349e-04j ... -9.54342939e-04+6.66209624e-04j\n",
      "   4.63207894e-05+0.00000000e+00j  4.47335017e-05+2.55826999e-06j]\n",
      " [-1.01042627e-05-1.18795533e-05j  1.32273499e-05-8.94590137e-06j\n",
      "   2.37320898e-04+3.23321636e-04j ... -8.65762050e-04+6.84811890e-04j\n",
      "   4.47335017e-05-2.55826999e-06j  4.66811196e-05+0.00000000e+00j]]\n",
      "[[ 5.15404028e-05+0.00000000e+00j -3.17293723e-06+5.19526238e-05j\n",
      "  -1.29505402e-03-4.75427837e-05j ...  1.33440659e-05-2.08329071e-04j\n",
      "  -5.68927699e-06+6.60757148e-06j -6.95595426e-06+8.17809593e-06j]\n",
      " [-3.17293723e-06-5.19526238e-05j  5.71365569e-05+0.00000000e+00j\n",
      "   3.17543729e-05+1.45050814e-03j ... -1.36130182e-04+9.10873765e-06j\n",
      "   4.95702159e-06+3.34192054e-06j  7.25912247e-06+4.83042591e-06j]\n",
      " [-1.29505402e-03+4.75427837e-05j  3.17543729e-05-1.45050814e-03j\n",
      "   3.70513565e-02+0.00000000e+00j ... -2.42598711e-05+3.05783192e-03j\n",
      "   8.45025681e-05-1.07115412e-04j  1.26134556e-04-1.66340433e-04j]\n",
      " ...\n",
      " [ 1.33440659e-05+2.08329071e-04j -1.36130182e-04-9.10873765e-06j\n",
      "  -2.42598711e-05-3.05783192e-03j ...  3.70513565e-02+0.00000000e+00j\n",
      "  -1.19156286e-03-8.27744019e-04j -1.02362040e-03-7.94749332e-04j]\n",
      " [-5.68927699e-06-6.60757148e-06j  4.95702159e-06-3.34192054e-06j\n",
      "   8.45025681e-05+1.07115412e-04j ... -1.19156286e-03+8.27744019e-04j\n",
      "   5.71365569e-05+0.00000000e+00j  5.19827141e-05+2.63440472e-06j]\n",
      " [-6.95595426e-06-8.17809593e-06j  7.25912247e-06-4.83042591e-06j\n",
      "   1.26134556e-04+1.66340433e-04j ... -1.02362040e-03+7.94749332e-04j\n",
      "   5.19827141e-05-2.63440472e-06j  5.15404028e-05+0.00000000e+00j]]\n",
      "[[ 5.78910519e-05+0.00000000e+00j -5.40483892e-06+5.94898220e-05j\n",
      "  -1.48606676e-03-1.06488902e-04j ...  7.38037161e-05-3.98868156e-04j\n",
      "  -1.17532227e-05+1.16095015e-05j -1.10705122e-05+1.30155702e-05j]\n",
      " [-5.40483892e-06-5.94898220e-05j  6.68663876e-05+0.00000000e+00j\n",
      "   2.89252271e-05+1.69792582e-03j ... -3.83517621e-04+4.31680915e-06j\n",
      "   1.30246485e-05+8.78094629e-06j  1.44464650e-05+8.01363934e-06j]\n",
      " [-1.48606676e-03+1.06488902e-04j  2.89252271e-05-1.69792582e-03j\n",
      "   4.33437073e-02+0.00000000e+00j ... -7.41798203e-05+9.34998469e-03j\n",
      "   2.20464501e-04-3.13846785e-04j  2.04989907e-04-3.50031331e-04j]\n",
      " ...\n",
      " [ 7.38037161e-05+3.98868156e-04j -3.83517621e-04-4.31680915e-06j\n",
      "  -7.41798203e-05-9.34998469e-03j ...  4.33437073e-02+0.00000000e+00j\n",
      "  -1.39936637e-03-9.62061584e-04j -1.20793111e-03-8.72144902e-04j]\n",
      " [-1.17532227e-05-1.16095015e-05j  1.30246485e-05-8.78094629e-06j\n",
      "   2.20464501e-04+3.13846785e-04j ... -1.39936637e-03+9.62061584e-04j\n",
      "   6.68663876e-05+0.00000000e+00j  5.97216338e-05+1.25604949e-06j]\n",
      " [-1.10705122e-05-1.30155702e-05j  1.44464650e-05-8.01363934e-06j\n",
      "   2.04989907e-04+3.50031331e-04j ... -1.20793111e-03+8.72144902e-04j\n",
      "   5.97216338e-05-1.25604949e-06j  5.78910519e-05+0.00000000e+00j]]\n",
      "[[ 6.96514396e-05+0.00000000e+00j -6.90673585e-06+7.08791044e-05j\n",
      "  -1.77349864e-03-1.32556867e-04j ...  4.54562496e-05-1.11652127e-04j\n",
      "  -4.14123569e-06+3.00548479e-06j -3.45100823e-06+4.05734070e-06j]\n",
      " [-6.90673585e-06-7.08791044e-05j  7.80880797e-05+0.00000000e+00j\n",
      "   4.03872343e-05+1.97961673e-03j ... -1.01744643e-04-4.91006104e-06j\n",
      "   3.72002356e-06+2.50796228e-06j  4.79784467e-06+1.77861137e-06j]\n",
      " [-1.77349864e-03+1.32556867e-04j  4.03872343e-05-1.97961673e-03j\n",
      "   5.04265203e-02+0.00000000e+00j ... -1.79887913e-05+2.26739459e-03j\n",
      "   5.34939376e-05-8.66860984e-05j  3.86207675e-05-1.14196779e-04j]\n",
      " ...\n",
      " [ 4.54562496e-05+1.11652127e-04j -1.01744643e-04+4.91006104e-06j\n",
      "  -1.79887913e-05-2.26739459e-03j ...  5.04265203e-02+0.00000000e+00j\n",
      "  -1.62784456e-03-1.12722473e-03j -1.44507812e-03-1.03663783e-03j]\n",
      " [-4.14123569e-06-3.00548479e-06j  3.72002356e-06-2.50796228e-06j\n",
      "   5.34939376e-05+8.66860984e-05j ... -1.62784456e-03+1.12722473e-03j\n",
      "   7.80880797e-05+0.00000000e+00j  7.12073370e-05+1.03228246e-06j]\n",
      " [-3.45100823e-06-4.05734070e-06j  4.79784467e-06-1.77861137e-06j\n",
      "   3.86207675e-05+1.14196779e-04j ... -1.44507812e-03+1.03663783e-03j\n",
      "   7.12073370e-05-1.03228246e-06j  6.96514396e-05+0.00000000e+00j]]\n",
      "[[ 7.76880467e-05+0.00000000e+00j -9.15435560e-06+7.94809664e-05j\n",
      "  -1.98780085e-03-1.84785437e-04j ... -8.47082892e-06+1.02228982e-04j\n",
      "   2.53089545e-06-2.87043978e-06j  1.75587457e-06-2.06437681e-06j]\n",
      " [-9.15435560e-06-7.94809664e-05j  8.79235516e-05+0.00000000e+00j\n",
      "   4.44196476e-05+2.22359878e-03j ...  1.42261729e-04-7.00673195e-06j\n",
      "  -4.43519727e-06-2.99011748e-06j -3.21066697e-06-2.08242021e-06j]\n",
      " [-1.98780085e-03+1.84785437e-04j  4.44196476e-05-2.22359878e-03j\n",
      "   5.64804754e-02+0.00000000e+00j ...  3.00398614e-05-3.78636998e-03j\n",
      "  -8.62368298e-05+1.13360941e-04j -6.04406778e-05+8.28821099e-05j]\n",
      " ...\n",
      " [-8.47082892e-06-1.02228982e-04j  1.42261729e-04+7.00673195e-06j\n",
      "   3.00398614e-05+3.78636998e-03j ...  5.64804754e-02+0.00000000e+00j\n",
      "  -1.82899385e-03-1.26536404e-03j -1.64293671e-03-1.13413264e-03j]\n",
      " [ 2.53089545e-06+2.87043978e-06j -4.43519727e-06+2.99011748e-06j\n",
      "  -8.62368298e-05-1.13360941e-04j ... -1.82899385e-03+1.26536404e-03j\n",
      "   8.79235516e-05+0.00000000e+00j  8.00060445e-05-2.43088020e-07j]\n",
      " [ 1.75587457e-06+2.06437681e-06j -3.21066697e-06+2.08242021e-06j\n",
      "  -6.04406778e-05-8.28821099e-05j ... -1.64293671e-03+1.13413264e-03j\n",
      "   8.00060445e-05+2.43088020e-07j  7.76880467e-05+0.00000000e+00j]]\n",
      "[[ 7.99179482e-05+0.00000000e+00j -9.74307191e-06+8.23542987e-05j\n",
      "  -2.06545104e-03-1.96662038e-04j ...  4.02143119e-06+2.46754538e-05j\n",
      "   4.36545325e-07-8.17071052e-07j  3.11131074e-07-3.65795931e-07j]\n",
      " [-9.74307191e-06-8.23542987e-05j  9.17814016e-05+0.00000000e+00j\n",
      "   4.96165198e-05+2.32679023e-03j ...  3.90323012e-05-2.62868588e-06j\n",
      "  -1.23640630e-06-8.33559336e-07j -6.40539378e-07-6.69243027e-07j]\n",
      " [-2.06545104e-03+1.96662038e-04j  4.96165198e-05-2.32679023e-03j\n",
      "   5.92476856e-02+0.00000000e+00j ...  8.08638194e-06-1.01924684e-03j\n",
      "  -2.42432168e-05+3.07033705e-05j -1.91782075e-05+1.60388992e-05j]\n",
      " ...\n",
      " [ 4.02143119e-06-2.46754538e-05j  3.90323012e-05+2.62868588e-06j\n",
      "   8.08638194e-06+1.01924684e-03j ...  5.92476856e-02+0.00000000e+00j\n",
      "  -1.91214064e-03-1.32669994e-03j -1.71010517e-03-1.17486352e-03j]\n",
      " [ 4.36545325e-07+8.17071052e-07j -1.23640630e-06+8.33559336e-07j\n",
      "  -2.42432168e-05-3.07033705e-05j ... -1.91214064e-03+1.32669994e-03j\n",
      "   9.17814016e-05+0.00000000e+00j  8.29270755e-05-5.08046782e-07j]\n",
      " [ 3.11131074e-07+3.65795931e-07j -6.40539378e-07+6.69243027e-07j\n",
      "  -1.91782075e-05-1.60388992e-05j ... -1.71010517e-03+1.17486352e-03j\n",
      "   8.29270755e-05+5.08046782e-07j  7.99179482e-05+0.00000000e+00j]]\n",
      "[[ 8.05802610e-05+0.00000000e+00j -9.57817730e-06+8.34632039e-05j\n",
      "  -2.09477094e-03-1.89234426e-04j ... -3.17333925e-06-4.70244673e-06j\n",
      "  -4.66137129e-08+1.94570314e-07j -1.17978529e-07+1.38707026e-07j]\n",
      " [-9.57817730e-06-8.34632039e-05j  9.36790863e-05+0.00000000e+00j\n",
      "   5.47527998e-05+2.37772954e-03j ... -1.19461535e-05+2.10330885e-06j\n",
      "   3.37085820e-07+2.27256227e-07j  9.73114636e-08+1.74816830e-07j]\n",
      " [-2.09477094e-03+1.89234426e-04j  5.47527998e-05-2.37772954e-03j\n",
      "   6.06289449e-02+0.00000000e+00j ... -2.87174752e-06+3.61969000e-04j\n",
      "   8.49094040e-06-8.66247214e-06j  5.47585410e-06-1.48260215e-06j]\n",
      " ...\n",
      " [-3.17333925e-06+4.70244673e-06j -1.19461535e-05-2.10330885e-06j\n",
      "  -2.87174752e-06-3.61969000e-04j ...  6.06289449e-02+0.00000000e+00j\n",
      "  -1.95176494e-03-1.35912076e-03j -1.72782171e-03-1.19937780e-03j]\n",
      " [-4.66137129e-08-1.94570314e-07j  3.37085820e-07-2.27256227e-07j\n",
      "   8.49094040e-06+8.66247214e-06j ... -1.95176494e-03+1.35912076e-03j\n",
      "   9.36790863e-05+0.00000000e+00j  8.40107088e-05-2.20645040e-07j]\n",
      " [-1.17978529e-07-1.38707026e-07j  9.73114636e-08-1.74816830e-07j\n",
      "   5.47585410e-06+1.48260215e-06j ... -1.72782171e-03+1.19937780e-03j\n",
      "   8.40107088e-05+2.20645040e-07j  8.05802610e-05+0.00000000e+00j]]\n",
      "[[ 8.06519794e-05+0.00000000e+00j -9.47935966e-06+8.36002067e-05j\n",
      "  -2.09836878e-03-1.85624887e-04j ...  4.07543413e-07-1.07608616e-06j\n",
      "  -5.19644639e-08+2.57329027e-08j -7.15124908e-08+8.40770350e-08j]\n",
      " [-9.47935966e-06-8.36002067e-05j  9.40769577e-05+0.00000000e+00j\n",
      "   5.66907586e-05+2.38957587e-03j ... -8.48172704e-08+2.59393150e-07j\n",
      "   7.18508703e-09+4.84403578e-09j  5.69759371e-08+1.07810199e-08j]\n",
      " [-2.09836878e-03+1.85624887e-04j  5.66907586e-05-2.38957587e-03j\n",
      "   6.09911004e-02+0.00000000e+00j ...  1.38913097e-09-1.75092812e-07j\n",
      "   2.61892110e-07+7.67547930e-08j  3.95339407e-07-1.08062936e-06j]\n",
      " ...\n",
      " [ 4.07543413e-07+1.07608616e-06j -8.48172704e-08-2.59393150e-07j\n",
      "   1.38913097e-09+1.75092812e-07j ...  6.09911004e-02+0.00000000e+00j\n",
      "  -1.96056918e-03-1.36728022e-03j -1.72826397e-03-1.20445496e-03j]\n",
      " [-5.19644639e-08-2.57329027e-08j  7.18508703e-09-4.84403578e-09j\n",
      "   2.61892110e-07-7.67547930e-08j ... -1.96056918e-03+1.36728022e-03j\n",
      "   9.40769577e-05+0.00000000e+00j  8.41358505e-05-1.07180193e-07j]\n",
      " [-7.15124908e-08-8.40770350e-08j  5.69759371e-08-1.07810199e-08j\n",
      "   3.95339407e-07+1.08062936e-06j ... -1.72826397e-03+1.20445496e-03j\n",
      "   8.41358505e-05+1.07180193e-07j  8.06519794e-05+0.00000000e+00j]]\n",
      "[[ 8.61109379e-05+0.00000000e+00j -1.00555846e-05+8.47456036e-05j\n",
      "  -2.11167603e-03-1.89686291e-04j ... -3.75930537e-06+1.21985276e-05j\n",
      "   1.06610341e-06-6.01876466e-07j  3.46532294e-06-4.07417047e-06j]\n",
      " [-1.00555846e-05-8.47456036e-05j  9.43781084e-05+0.00000000e+00j\n",
      "   5.72432543e-05+2.39279670e-03j ...  3.14029318e-06-2.67532907e-07j\n",
      "  -2.42518300e-07-1.63500779e-07j -1.18883986e-06-2.92389378e-07j]\n",
      " [-2.11167603e-03+1.89686291e-04j  5.72432543e-05-2.39279670e-03j\n",
      "   6.10265610e-02+0.00000000e+00j ...  2.82713541e-07-3.56345873e-05j\n",
